NA	NA	12435	NA	21729	131	1215504	12099	26	12805	33	33	63	3265	27	2
NA	NA	11757	NA	21677	128	1216329	13339	35	11455	40	38	54	2772	26	3
NA	NA	11878	NA	19610	114	1210052	10668	25	16137	62	26	56	5026	60	9
NA	NA	11381	NA	22361	78	1216613	13516	18	9565	24	50	44	3123	27	3
NA	NA	9832	NA	23262	138	1210031	14056	57	15070	37	42	71	3484	47	2
NA	NA	10185	NA	25008	115	1213831	14828	46	12163	22	49	93	2806	31	0
NA	NA	11005	NA	24384	115	1213943	13557	33	11506	23	44	59	3245	37	3
NA	NA	11163	NA	21838	105	1215235	13500	39	11892	26	43	49	3276	30	2
NA	NA	12420	NA	22578	129	1214926	12029	24	12056	33	50	58	3325	24	1
NA	NA	13465	NA	20992	89	1218803	11981	14	10064	21	25	52	2466	18	0
NA	NA	10247	NA	23694	145	1208839	13110	42	15902	37	41	100	4182	61	8
NA	NA	9948	NA	24903	85	1211574	13873	35	12446	23	51	84	3838	42	4
NA	NA	10861	NA	25324	114	1214635	13525	31	11513	32	61	64	3308	24	3
NA	NA	11230	NA	26154	144	1213488	13082	35	13209	30	55	75	3408	37	3
NA	NA	10244	NA	24406	108	1209886	12912	34	14867	37	47	81	4402	56	6
NA	NA	11409	NA	23586	102	1215603	13523	27	10813	19	45	63	2977	32	2
NA	NA	10455	NA	23353	110	1211470	13844	26	14027	37	49	94	3577	47	3
NA	NA	11132	NA	24154	73	1214511	13454	26	11027	25	48	66	3265	32	2
NA	NA	12349	NA	21932	150	1211400	11487	40	15183	54	48	61	3866	48	3
NA	NA	11314	NA	23028	97	1213323	13035	22	12836	30	35	81	3558	40	2
NA	NA	12313	NA	21431	112	1218039	12995	26	10538	22	24	42	2606	14	1
NA	NA	12457	NA	24281	119	1216856	12372	28	11449	28	51	40	3032	22	2
NA	NA	12946	NA	17762	110	1214447	11218	24	13204	33	17	56	3504	37	2
NA	NA	11206	NA	23214	141	1212824	12455	34	14692	32	43	68	4055	51	1
NA	NA	11465	NA	22937	136	1212108	12865	40	13596	27	39	64	3297	34	2
NA	NA	10007	NA	26103	61	1218507	15139	26	7827	10	62	51	2773	15	1
NA	NA	11667	NA	22855	95	1218042	13014	26	10513	16	46	63	3094	20	2
NA	NA	10522	NA	23824	91	1214755	14040	28	11646	21	47	69	3163	34	1
NA	NA	12477	NA	21244	67	1219188	12172	20	10085	11	38	45	3277	32	2
NA	NA	11653	NA	22394	69	1214322	12070	15	12381	49	36	65	4086	41	5
NA	NA	12124	NA	20592	116	1212785	11957	33	14847	46	36	69	3738	34	4
NA	NA	11722	NA	22084	137	1214476	12510	30	13143	30	36	68	3549	44	1
NA	NA	12571	NA	21929	63	1219109	12539	9	8337	17	38	41	2817	19	3
NA	NA	11355	NA	20306	118	1211020	12080	26	14875	39	31	63	4304	50	8
NA	NA	11407	NA	23252	114	1217008	12980	35	11041	19	40	66	3231	26	2
NA	NA	11132	NA	22293	148	1212305	12456	36	14486	47	37	72	4189	37	5
NA	NA	10554	NA	25752	109	1213494	13226	27	12549	26	63	70	4111	37	5
NA	NA	11937	NA	21404	111	1217028	13392	40	11330	26	34	61	2436	23	2
NA	NA	9601	NA	27318	179	1208125	13325	50	16255	46	73	91	4606	66	9
NA	NA	10085	NA	21188	118	1206521	12429	47	17160	57	23	77	4832	72	9
NA	NA	10590	NA	23408	110	1212589	13634	39	12162	26	36	66	3364	35	2
NA	NA	10721	NA	21183	133	1205782	11971	32	17559	56	36	74	4891	67	10
NA	NA	12393	NA	23598	100	1222412	13770	31	8035	14	55	36	1767	10	0
NA	NA	11507	NA	24443	84	1218116	13165	24	10012	17	42	56	3222	25	2
NA	NA	10742	NA	21405	84	1214583	13902	34	10795	16	27	55	3134	33	1
NA	NA	10318	NA	23471	85	1214868	13978	41	10700	20	36	58	3403	22	4
NA	NA	11088	NA	21406	144	1212753	13031	41	14497	43	31	54	3704	44	5
NA	NA	13068	NA	20015	147	1215577	11500	34	13313	34	31	55	3161	24	4
NA	NA	10885	NA	22084	140	1207637	12534	35	17221	61	38	92	4239	62	7
NA	NA	10625	NA	24138	102	1212682	13096	32	13519	31	45	74	4107	44	6
NA	NA	11115	NA	20645	131	1211942	12079	29	14963	42	31	75	4322	43	5
NA	NA	10387	NA	23841	103	1215129	14072	45	11196	15	45	66	3198	31	1
NA	NA	10826	NA	24908	146	1217628	14100	36	11249	25	43	79	2822	15	2
NA	NA	11158	NA	21848	149	1208285	11712	28	16669	45	42	71	4690	49	13
NA	NA	11833	NA	23243	98	1216862	12988	26	10988	23	48	60	2753	19	3
NA	NA	11644	NA	22059	97	1214836	12489	28	12039	24	44	55	3624	39	5
NA	NA	11163	NA	23133	89	1216571	13551	31	10587	21	45	42	3154	27	0
NA	NA	10130	NA	26838	108	1214277	14569	42	12390	33	64	77	3109	28	3
NA	NA	10620	NA	24878	136	1211824	13665	46	14452	35	50	100	3446	39	1
NA	NA	10479	NA	25540	76	1216365	14308	22	10527	18	69	67	3208	29	2
NA	NA	11128	NA	21263	128	1212141	12925	39	14214	37	27	66	3712	47	6
NA	NA	11433	NA	21923	145	1213332	12637	44	14454	49	41	72	3657	50	1
NA	NA	13607	NA	18474	153	1213755	10286	33	13656	45	22	41	3912	30	3
NA	NA	12110	NA	23101	126	1214850	12324	30	12261	28	49	76	3329	31	0
NA	NA	10313	NA	24010	116	1213644	14563	46	12388	22	40	80	2934	34	1
NA	NA	12271	NA	20581	101	1214982	12156	46	12350	29	34	52	3305	30	5
NA	NA	11031	NA	23371	122	1214987	13781	41	12480	35	40	62	3100	34	0
NA	NA	10613	NA	22006	130	1207210	12647	51	16896	56	42	90	4434	49	6
NA	NA	10228	NA	24356	123	1214028	14806	48	11490	26	43	71	2680	28	1
NA	NA	12011	NA	23031	84	1216492	12737	29	11389	28	30	64	3159	22	2
NA	NA	9921	NA	25373	66	1213247	14757	31	10375	23	41	69	3088	29	1
NA	NA	10482	NA	25395	120	1211308	13132	40	14207	43	54	58	4135	46	2
NA	NA	10446	NA	24449	133	1211011	13086	47	13760	32	35	76	4155	44	5
NA	NA	9808	NA	24328	82	1210030	13193	36	13939	31	54	77	4674	49	7
NA	NA	12487	NA	21266	115	1217567	11940	21	11314	29	22	62	3405	28	3
NA	NA	10210	NA	25517	125	1213455	14141	37	12938	22	67	73	3318	30	4
NA	NA	11530	NA	22105	144	1212751	12072	26	14628	35	33	71	4029	51	5
NA	NA	11876	NA	22217	98	1214166	12159	37	11904	29	37	49	3949	32	3
NA	NA	10986	NA	21282	116	1208887	12069	28	16877	53	26	81	4462	53	7
NA	NA	10484	NA	20722	139	1208822	12837	47	16088	50	26	68	4272	59	4
NA	NA	10851	NA	23835	60	1216891	14056	26	9234	13	51	55	2919	29	0
NA	NA	11767	NA	24868	100	1217782	13459	29	11037	26	58	53	2722	20	2
NA	NA	10929	NA	23700	115	1210633	12812	34	14795	29	47	80	3877	53	4
NA	NA	11817	NA	20775	121	1213267	12149	31	13808	31	27	71	3889	40	4
NA	NA	12039	NA	23013	105	1217966	12854	21	9497	16	37	54	2862	22	1
NA	NA	11271	NA	24346	109	1216998	13505	27	10737	17	56	71	2900	24	1
NA	NA	11035	NA	22657	127	1212226	12158	24	13453	41	45	73	4492	36	6
NA	NA	11002	NA	25191	138	1212549	13017	42	13703	35	53	75	3504	38	0
NA	NA	13608	NA	20161	64	1218983	11217	10	10387	21	28	35	3049	30	2
NA	NA	10959	NA	23793	132	1212802	13293	36	13835	42	46	92	3579	37	0
NA	NA	11107	NA	24783	103	1215746	13676	31	11489	28	51	64	2918	29	1
NA	NA	11722	NA	21597	120	1216770	13298	41	11198	26	22	55	2871	32	1
NA	NA	11759	NA	21572	141	1211559	11439	18	14708	48	30	62	4494	45	7
NA	NA	12116	NA	21626	87	1214159	11620	19	12316	32	25	57	4025	39	6
NA	NA	11321	NA	22976	123	1210469	12386	31	14720	47	46	66	4088	44	5
NA	NA	11313	NA	21866	97	1212906	12587	27	12739	30	44	64	3897	48	3
NA	NA	9989	NA	25484	96	1213589	14291	40	10770	19	57	68	3473	34	4
NA	NA	11743	NA	21819	88	1215238	12793	36	11229	33	43	46	3257	17	3
NA	NA	12442	NA	19798	60	1218830	12830	24	9342	24	21	58	2686	9	1
NA	NA	10971	NA	22166	64	1215806	13859	25	10321	22	32	54	2961	21	4
NA	NA	10396	NA	23984	93	1212145	14096	27	11704	28	51	77	3316	30	3
NA	NA	11126	NA	22167	103	1212873	12586	43	13514	36	33	70	3949	40	4
NA	NA	10554	NA	22052	127	1207953	12714	33	17907	51	31	89	4283	68	5
NA	NA	9787	NA	24522	158	1207419	13930	41	17395	61	46	96	3915	52	4
NA	NA	10613	NA	24184	133	1212051	13442	44	12780	29	49	88	3510	27	3
NA	NA	11530	NA	23057	112	1211027	11922	27	13991	42	47	80	4255	40	5
NA	NA	9810	NA	24905	157	1207654	13685	40	16972	50	47	85	4008	56	6
NA	NA	10391	NA	24150	116	1212229	13475	34	13159	28	43	82	3866	41	2
NA	NA	10693	NA	25467	105	1214358	14105	33	11559	25	47	67	3006	31	2
NA	NA	11701	NA	22700	101	1217031	13596	32	10162	24	45	53	2678	15	1
NA	NA	11022	NA	21798	126	1211544	12891	26	13371	37	25	72	3706	36	1
NA	NA	12019	NA	22908	96	1219312	13144	31	9423	18	41	43	2769	18	1
NA	NA	11956	NA	23358	128	1215251	12386	24	12030	20	43	71	3573	42	2
NA	NA	12235	NA	19523	91	1218909	13138	26	9771	16	24	38	2471	18	0
NA	NA	10831	NA	22751	112	1210471	13224	29	13760	39	33	71	3854	43	4
NA	NA	10495	NA	21682	100	1211024	13081	34	13588	35	35	62	3955	47	6
NA	NA	13008	NA	21101	150	1212718	10575	17	14506	40	32	46	4230	39	9
NA	NA	11771	NA	23009	143	1215185	13355	42	12324	26	50	67	2640	21	2
NA	NA	11069	NA	23794	124	1213832	13623	44	12996	36	53	69	3279	29	3
NA	NA	11952	NA	21567	139	1215811	12831	35	12105	36	36	59	2933	26	4
NA	NA	11320	NA	20617	131	1212947	13223	38	13639	30	28	72	3355	36	2
NA	NA	10608	NA	23177	123	1212692	13676	24	12759	31	45	61	3626	39	4
NA	NA	12963	NA	21253	104	1218382	12202	31	10754	18	37	43	2809	24	0
NA	NA	9986	NA	25315	99	1212815	14060	34	11659	30	63	68	3650	36	6
NA	NA	10727	NA	24346	165	1211804	13561	39	14910	32	41	90	3383	44	6
NA	NA	11065	NA	22488	109	1210386	12624	34	15003	50	31	106	3902	35	7
NA	NA	10819	NA	23847	108	1214718	13517	37	11430	21	38	77	3481	33	1
NA	NA	11201	NA	23483	125	1210681	12934	37	14154	50	41	91	3794	40	4
NA	NA	11686	NA	22646	97	1214241	12496	21	12179	26	42	53	3687	34	3
NA	NA	12246	NA	20254	103	1216452	12209	27	10959	17	36	51	3407	29	2
NA	NA	11033	NA	24994	110	1219472	14251	36	8923	12	39	55	2486	21	0
NA	NA	12028	NA	21438	117	1215737	11954	23	12425	26	43	55	3545	27	3
NA	NA	10749	NA	21963	132	1209817	12915	42	15632	44	31	73	4096	59	6
NA	NA	11244	NA	20259	138	1203837	10564	30	19846	72	45	59	5642	81	13
NA	NA	12806	NA	20656	88	1219587	12700	29	9040	21	29	33	2240	16	1
NA	NA	11072	NA	24210	130	1217705	14416	44	10931	19	50	57	2349	20	1
NA	NA	10817	NA	22486	77	1213709	13361	25	12590	34	34	68	3625	35	5
NA	NA	12132	NA	21789	121	1214714	12342	37	12270	31	39	47	3385	26	2
NA	NA	10972	NA	22514	105	1215137	13936	50	12107	21	28	56	2887	33	0
NA	NA	11037	NA	25050	85	1215195	13880	30	11231	20	56	70	2887	30	0
NA	NA	9941	NA	24808	119	1210432	13548	40	14459	45	45	81	4133	39	5
NA	NA	10936	NA	24397	113	1214952	13700	32	11372	20	43	66	3107	31	1
NA	NA	10614	NA	22918	110	1212203	13187	24	14342	30	40	54	3821	49	5
NA	NA	11712	NA	22665	114	1211611	11690	29	14092	35	36	57	4389	60	5
NA	NA	11469	NA	23311	110	1214148	13095	30	12737	37	40	78	3350	34	2
NA	NA	10070	NA	26645	150	1211602	13788	36	14215	33	74	93	3853	37	7
NA	NA	10826	NA	23690	96	1216480	13921	37	10673	20	33	56	2911	23	1
NA	NA	10149	NA	22781	84	1212471	13683	20	12553	23	33	76	3800	46	6
NA	NA	10389	NA	23137	135	1209111	13319	49	16180	59	47	96	3808	47	3
NA	NA	9602	NA	27899	112	1211932	14673	52	13264	27	71	106	3281	36	5
NA	NA	11446	NA	24494	110	1217983	13925	39	10294	15	50	71	2482	22	0
NA	NA	11796	NA	22305	104	1215645	12750	28	11646	23	34	72	3131	27	1
NA	NA	10738	NA	25261	116	1212496	13055	31	12831	28	66	63	3925	37	7
NA	NA	12422	NA	21832	123	1214956	11768	17	12734	45	32	61	3577	33	2
NA	NA	10735	NA	24929	134	1214777	14364	33	11711	36	43	74	2671	17	4
NA	NA	11775	NA	21007	157	1210981	11761	39	14885	46	31	69	4173	38	3
NA	NA	10232	NA	23026	105	1208800	12306	26	15992	41	54	88	5126	63	9
NA	NA	12236	NA	21921	135	1212552	11703	34	15205	46	39	78	3656	36	7
NA	NA	11548	NA	23128	159	1212989	12265	48	14949	46	47	83	3694	35	2
NA	NA	10963	NA	22402	110	1212270	12742	25	13756	38	38	75	4129	42	1
NA	NA	10393	NA	20707	157	1207490	12431	40	16858	64	29	65	4646	53	4
NA	NA	12143	NA	19431	108	1212180	12100	31	14413	47	21	61	3845	41	4
NA	NA	11552	NA	22364	124	1214431	12748	41	12744	31	37	60	3525	40	3
NA	NA	13583	NA	21787	111	1218734	11529	21	11206	33	30	47	2699	24	1
NA	NA	12691	NA	21211	121	1213502	10982	28	15175	52	25	49	4226	41	4
NA	NA	10717	NA	24067	85	1216856	14494	33	9722	17	43	49	2694	25	0
NA	NA	11839	NA	21040	119	1210989	11835	35	15361	42	37	66	3997	41	7
NA	NA	11260	NA	24154	108	1215827	13296	34	11720	28	47	62	3218	26	2
NA	NA	10466	NA	23064	127	1208024	12448	30	16117	40	44	78	4594	58	9
NA	NA	10346	NA	24768	115	1212817	14224	36	12949	44	59	83	3129	21	2
NA	NA	11022	NA	24806	108	1215854	13619	41	11531	35	54	70	3251	21	1
NA	NA	11686	NA	20783	88	1215829	12798	29	10892	29	29	50	3189	18	1
NA	NA	11804	NA	22915	150	1212358	12000	30	13524	39	45	62	4071	34	1
NA	NA	10470	NA	21386	96	1212293	13582	40	12796	33	29	57	3883	55	0
NA	NA	11484	NA	21187	116	1215855	13416	35	12380	33	39	63	2937	27	3
NA	NA	11004	NA	21930	117	1211901	13174	35	15213	50	35	79	3580	37	2
NA	NA	11716	NA	23626	135	1215453	13101	38	12451	28	43	72	2936	37	1
NA	NA	10328	NA	26097	122	1211295	13243	38	13665	22	68	84	4211	50	3
NA	NA	11984	NA	22260	162	1211624	12390	42	15439	48	45	80	3292	40	4
NA	NA	11091	NA	24522	130	1211915	12999	30	13656	35	45	84	3672	33	2
NA	NA	10354	NA	24432	147	1210801	13457	47	14028	38	49	66	3943	43	5
NA	NA	10615	NA	24420	127	1213158	13209	47	13758	33	56	81	3687	33	5
NA	NA	11438	NA	21307	106	1213868	12665	26	12186	29	36	47	3833	44	5
NA	NA	13802	NA	21581	118	1218588	11321	27	11231	28	24	51	2748	25	2
NA	NA	12428	NA	21229	107	1213870	11773	29	13157	41	36	59	3653	33	1
NA	NA	10461	NA	23248	135	1209522	13248	44	15863	48	32	89	4058	44	6
NA	NA	11716	NA	21494	108	1215880	12663	25	11034	25	32	67	3340	26	5
NA	NA	11509	NA	21613	139	1210834	12281	34	15602	47	30	71	3886	48	2
NA	NA	11625	NA	21721	164	1210830	11883	36	15343	52	32	57	3980	45	7
NA	NA	10952	NA	17714	128	1207429	11190	38	18786	73	17	59	5461	73	9
NA	NA	11092	NA	21622	97	1214670	12980	36	12073	34	25	47	3632	30	4
NA	NA	11116	NA	24302	133	1212262	12332	33	14695	36	42	72	4174	56	7
NA	NA	11366	NA	19209	96	1210289	11457	28	15131	26	29	44	4905	61	9
NA	NA	10014	NA	24083	103	1211460	14000	40	13769	35	54	73	3680	37	3
NA	NA	12207	NA	22198	124	1212300	10998	25	14310	39	33	57	4465	43	7
NA	NA	11590	NA	20989	105	1214396	12533	25	12761	32	29	59	3477	39	3
NA	NA	10989	NA	24872	130	1215674	13754	36	12158	26	42	89	3006	33	2
NA	NA	11202	NA	19971	83	1215641	13607	33	11393	21	22	64	3248	25	2
NA	NA	11715	NA	22420	96	1216392	13586	34	10564	20	38	60	2426	26	1
NA	NA	10128	NA	22101	97	1213468	14573	37	12613	28	30	65	3036	35	5
NA	NA	11178	NA	25492	122	1211395	12008	41	14742	54	50	69	4603	43	6
NA	NA	12072	NA	23327	130	1214770	11948	25	12806	31	53	65	3939	39	3
NA	NA	12059	NA	19744	103	1215803	12760	26	13066	30	22	56	3025	32	2
NA	NA	12322	NA	22467	128	1214073	11200	21	13044	33	38	65	4214	38	3
NA	NA	11311	NA	23138	112	1216030	13684	32	11408	32	39	58	2818	21	3
NA	NA	11114	NA	25818	141	1216246	14238	37	11171	24	52	69	2237	20	0
NA	NA	12141	NA	24638	71	1220326	13709	23	7423	11	53	50	2295	14	0
NA	NA	12004	NA	25152	141	1214816	12458	33	13060	28	50	72	3395	30	4
NA	NA	12504	NA	22266	105	1216310	12117	24	12143	27	32	59	3124	31	1
NA	NA	11079	NA	20493	105	1214075	13857	45	12371	33	28	65	2942	31	1
NA	NA	11369	NA	22323	103	1216619	13198	30	10562	16	31	58	3302	30	2
NA	NA	11253	NA	21100	106	1215388	12864	27	12826	25	29	64	3679	45	1
NA	NA	12098	NA	25302	71	1220302	13536	21	7960	15	59	39	2405	12	1
NA	NA	11193	NA	25310	134	1213529	12968	38	12881	34	47	71	3703	44	6
NA	NA	10496	NA	24561	134	1212478	13081	33	12863	30	44	82	4099	36	5
NA	NA	12122	NA	23514	141	1213693	12559	27	12721	22	50	75	3249	31	5
NA	NA	10411	NA	25203	117	1215054	13815	44	12142	22	68	79	3701	34	4
NA	NA	11059	NA	22093	107	1212072	12878	42	13048	37	29	57	3803	34	5
NA	NA	11983	NA	21948	135	1212841	12183	29	13237	45	41	63	3761	33	3
NA	NA	11546	NA	24351	129	1221167	14649	34	7799	12	41	40	1741	12	2
NA	NA	11519	NA	23352	103	1215103	12639	34	12189	24	47	76	3634	33	6
NA	NA	10749	NA	21139	153	1205445	11954	31	17842	67	26	74	4914	66	5
NA	NA	9577	NA	24723	160	1206614	13412	54	18248	52	41	84	4391	82	8
NA	NA	11838	NA	23365	142	1211931	11998	41	14753	44	47	64	3760	46	2
NA	NA	12927	NA	20560	115	1218183	12106	21	11354	24	29	64	2874	25	0
NA	NA	11776	NA	24121	107	1217769	13723	30	11167	27	34	78	2295	20	0
NA	NA	12569	NA	22225	111	1216039	11823	25	11224	32	37	42	3470	23	2
NA	NA	11150	NA	24984	73	1217487	13602	21	9440	15	54	54	3071	26	2
NA	NA	12211	NA	22134	143	1215366	12805	31	13201	30	27	70	2737	33	3
NA	NA	10243	NA	24775	130	1212143	13708	30	13342	27	61	78	3794	33	6
NA	NA	11830	NA	21088	100	1216043	12807	26	11143	26	35	58	3259	27	1
NA	NA	12106	NA	19913	119	1212574	11778	41	13881	43	27	46	3884	41	2
NA	NA	10911	NA	25644	122	1215739	14278	40	11139	13	60	65	2446	34	0
NA	NA	10494	NA	27526	145	1215334	14370	40	12204	23	64	75	2920	33	2
NA	NA	10816	NA	22957	138	1205921	11554	45	18570	62	41	90	5507	67	10
NA	NA	11509	NA	24764	113	1216996	14000	39	9254	20	45	53	2400	17	1
NA	NA	10962	NA	21376	94	1213121	13071	28	12738	32	23	66	3715	35	5
NA	NA	12343	NA	21592	111	1215678	12338	35	12337	33	37	61	3225	28	2
NA	NA	10653	NA	23635	165	1207854	12648	35	16331	43	45	95	4323	59	7
NA	NA	10237	NA	23167	106	1211112	13477	40	13456	26	35	80	3907	39	5
NA	NA	11924	NA	22600	148	1213033	13008	48	14665	46	34	85	2713	33	1
NA	NA	11740	NA	19985	157	1210628	11889	53	16582	72	32	60	4055	56	8
NA	NA	12145	NA	19852	112	1211271	11339	22	14696	35	34	67	4314	42	6
NA	NA	10051	NA	22164	112	1207673	12372	31	17161	58	33	74	5050	61	7
NA	NA	10634	NA	24419	106	1213400	13387	29	12176	24	30	73	3736	33	2
NA	NA	13343	NA	18945	102	1215910	11295	21	13148	42	19	52	3340	30	2
NA	NA	11398	NA	20441	116	1213647	12753	39	13164	24	27	54	3615	40	3
NA	NA	12718	NA	20176	135	1213673	11728	30	13624	42	26	55	3253	35	1
NA	NA	11429	NA	21719	147	1210861	11908	31	15425	45	33	77	4239	53	5
NA	NA	10177	NA	25467	145	1211197	13649	32	12617	19	59	81	3713	42	7
NA	NA	12794	NA	22895	112	1218986	12061	23	11561	31	47	70	3048	29	1
NA	NA	11926	NA	22356	148	1213189	11905	32	14521	46	33	68	3787	33	3
NA	NA	11150	NA	23817	128	1207893	11632	43	16801	54	48	83	5005	63	5
NA	NA	12720	NA	22622	85	1218724	12364	21	9695	21	35	53	2824	16	0
NA	NA	11199	NA	22265	129	1214417	13076	42	13440	35	31	66	3653	37	3
NA	NA	10720	NA	23138	154	1207718	12371	35	17532	53	49	86	4640	69	3
NA	NA	11976	NA	20873	115	1216014	12785	34	11547	27	25	59	3116	22	2
NA	NA	10530	NA	22727	95	1211386	13816	42	13804	35	44	85	3499	48	1
NA	NA	12234	NA	22438	95	1220484	12914	20	9809	16	35	45	2575	21	0
NA	NA	11004	NA	21783	121	1212686	13138	48	13360	29	35	62	3526	34	4
NA	NA	10227	NA	23849	162	1210270	13186	42	15004	36	54	84	4164	52	4
NA	NA	11973	NA	24025	88	1218487	12475	30	10276	22	40	56	3265	18	2
NA	NA	10577	NA	23115	177	1209201	12647	48	15849	44	35	73	4160	46	4
NA	NA	11470	NA	23244	141	1214076	13489	36	13528	43	37	69	2627	27	1
NA	NA	10485	NA	25346	110	1216439	14397	42	10867	20	59	61	2817	28	0
NA	NA	10230	NA	23635	100	1210688	12929	32	14144	42	42	75	4479	50	4
NA	NA	12209	NA	23383	146	1211160	11245	34	15655	43	33	80	4283	39	4
NA	NA	11481	NA	23147	123	1213637	12502	29	13744	45	38	84	3611	43	3
NA	NA	13768	NA	21154	128	1217920	11064	23	11780	28	22	50	2953	24	1
NA	NA	10080	NA	25153	113	1215896	15302	48	10315	18	51	64	2281	25	0
NA	NA	10269	NA	22122	107	1208578	12949	40	16094	47	50	67	4194	49	6
NA	NA	12057	NA	24683	103	1217168	13395	20	10719	23	49	57	2425	20	1
NA	NA	11319	NA	21402	138	1210428	12478	40	15557	41	35	71	4006	52	6
NA	NA	11025	NA	22574	135	1211403	12368	32	14892	36	34	73	4286	55	4
NA	NA	11307	NA	23461	111	1213875	12417	34	14127	34	44	68	3997	51	3
NA	NA	12422	NA	19985	86	1213548	11137	7	13085	41	23	54	4173	36	3
NA	NA	12536	NA	22261	148	1216069	12316	28	12111	37	38	52	2823	25	1
NA	NA	12341	NA	21411	131	1217155	12869	29	11646	31	32	50	2652	28	2
NA	NA	10992	NA	21876	154	1208704	12182	40	16649	49	26	79	4577	56	4
NA	NA	11070	NA	23022	125	1214553	13584	53	12545	35	47	64	3072	24	3
NA	NA	12580	NA	20206	112	1216925	12104	36	11720	28	23	50	3212	21	2
NA	NA	10520	NA	24253	123	1211705	13143	33	14625	46	50	75	3947	45	4
NA	NA	12175	NA	23026	131	1218496	12549	31	11167	33	45	68	3104	31	1
NA	NA	11059	NA	23596	73	1216876	13977	37	9689	17	27	53	3002	21	2
NA	NA	10709	NA	24614	110	1215489	13914	33	11136	25	50	78	3171	23	2
NA	NA	11487	NA	21572	100	1214080	12685	29	12410	30	26	53	3501	28	2
NA	NA	11862	NA	22479	115	1217822	13167	31	11293	18	38	58	2714	24	3
NA	NA	11382	NA	21321	132	1211819	12070	34	15835	45	27	80	4254	45	8
NA	NA	10215	NA	23666	107	1213163	13923	34	13169	19	36	74	3733	48	2
NA	NA	10722	NA	23604	109	1212112	13209	24	13823	38	32	78	3789	44	5
NA	NA	10759	NA	22684	115	1212054	12705	30	13677	35	53	62	4223	41	2
NA	NA	13220	NA	21549	133	1214219	11281	25	13762	42	33	62	3393	38	4
NA	NA	12377	NA	23079	105	1218288	12728	19	10337	17	34	49	2607	23	0
NA	NA	11847	NA	22785	114	1216933	13635	34	11514	28	54	62	2361	20	1
NA	NA	11680	NA	23277	64	1217701	13896	25	8917	13	32	51	2437	17	0
NA	NA	11531	NA	21183	114	1214215	12644	21	13145	39	27	64	3567	32	4
NA	NA	10775	NA	25328	140	1212576	13255	31	13108	35	37	84	3685	36	2
NA	NA	10212	NA	25181	118	1213691	14561	39	11614	28	48	83	3127	37	1
NA	NA	9912	NA	22221	133	1208093	13270	46	16257	40	34	84	4539	50	7
NA	NA	11290	NA	22159	97	1214557	12798	25	12118	22	32	67	3526	36	2
NA	NA	9748	NA	24821	138	1207269	13146	51	16442	45	53	113	4695	53	9
NA	NA	11186	NA	24715	125	1215491	13902	26	12304	29	54	65	2639	29	0
NA	NA	10589	NA	22589	152	1211166	13428	48	14182	29	37	84	3792	44	3
NA	NA	13214	NA	21966	101	1219548	11996	22	9840	18	44	35	2728	23	0
NA	NA	12795	NA	20663	106	1218072	12094	14	10378	24	27	52	3003	22	1
NA	NA	11621	NA	21075	151	1214576	12727	37	14066	35	36	67	3296	34	3
NA	NA	11198	NA	23596	112	1213401	12457	31	12580	30	46	67	3998	36	3
NA	NA	9700	NA	24375	121	1210795	13874	40	13625	35	44	89	4066	47	3
NA	NA	11166	NA	22717	137	1214874	14142	41	11722	25	35	74	2816	30	2
NA	NA	11012	NA	22054	149	1209988	11904	35	15066	41	38	74	4660	47	9
NA	NA	11647	NA	20231	156	1209701	11379	35	18344	82	24	80	4321	49	5
NA	NA	11451	NA	22732	118	1213832	13246	37	12510	34	38	67	3206	24	1
NA	NA	12057	NA	22018	103	1215433	12867	22	10592	24	28	61	2994	20	2
NA	NA	11263	NA	24395	121	1212906	13273	33	11922	16	45	71	3099	25	3
NA	NA	10133	NA	22832	170	1207262	12621	43	17816	43	36	90	4583	71	9
NA	NA	11311	NA	21688	115	1211430	12605	38	14450	38	39	77	3879	48	4
NA	NA	10921	NA	23015	124	1214313	13691	56	13416	32	44	79	3027	28	3
NA	NA	12388	NA	20369	156	1209419	10193	32	17549	77	29	73	4912	46	8
NA	NA	11165	NA	22641	109	1212772	13153	32	12763	23	34	70	3463	39	5
NA	NA	10222	NA	21633	113	1215072	14674	41	11674	22	24	65	2938	30	0
NA	NA	10479	NA	25477	102	1215213	14142	28	11333	26	54	75	3133	26	0
NA	NA	10588	NA	24982	150	1213978	13713	31	12904	31	54	76	3348	35	2
NA	NA	9688	NA	26856	88	1216755	15288	41	9506	21	66	66	2518	22	2
NA	NA	12723	NA	23619	93	1218887	12333	23	10064	19	35	37	2970	20	2
NA	NA	11498	NA	22308	77	1216232	12977	21	10735	20	43	49	3550	35	1
NA	NA	10065	NA	25802	110	1213313	14561	40	11988	32	62	91	3307	35	3
NA	NA	11180	NA	23403	101	1216995	14021	50	10782	31	57	50	2625	17	1
NA	NA	10205	NA	24655	125	1211927	13953	29	12261	19	57	79	3597	32	4
NA	NA	12566	NA	23971	118	1218323	12775	30	10903	26	54	56	2608	16	3
NA	NA	10534	NA	24442	141	1211499	13546	36	13058	35	38	77	3588	35	6
NA	NA	10524	NA	27029	111	1215926	14605	37	10565	17	61	77	2604	24	1
NA	NA	11048	NA	24803	84	1215172	13623	32	10202	23	47	53	3236	30	3
NA	NA	12417	NA	23168	126	1214633	11966	34	13506	40	39	69	3429	38	4
NA	NA	10601	NA	21222	136	1209610	12917	38	16148	42	33	63	3879	57	5
NA	NA	11831	NA	22669	104	1213428	11782	16	13416	34	32	54	4337	49	3
NA	NA	11906	NA	19855	132	1214656	12295	25	13527	43	31	51	3439	38	2
NA	NA	10796	NA	22716	82	1216212	13382	30	10932	29	29	63	3661	23	2
NA	NA	10984	NA	24542	121	1216793	14483	33	10563	22	47	68	2132	22	0
NA	NA	11309	NA	19740	96	1213287	12208	28	13453	40	29	66	4018	42	4
NA	NA	10867	NA	24233	145	1210873	12959	50	14460	29	39	69	3718	50	2
NA	NA	12298	NA	25786	114	1221253	13381	25	8542	11	49	53	2178	13	1
NA	NA	11651	NA	22430	114	1212894	12353	24	12837	25	40	66	3724	39	6
NA	NA	12187	NA	23872	158	1218712	13084	32	11169	30	42	55	2618	22	1
NA	NA	11994	NA	23727	133	1215662	12699	41	12351	36	47	54	2941	27	1
NA	NA	9228	NA	27909	101	1214278	15405	54	11557	21	51	90	3220	20	3
NA	NA	10987	NA	22336	144	1210781	12982	40	14694	40	33	79	3844	50	2
NA	NA	12331	NA	21330	96	1218401	12712	30	10222	21	25	45	2720	23	1
NA	NA	11299	NA	24475	116	1214726	12360	20	12068	28	54	57	3878	39	7
NA	NA	12696	NA	16924	102	1212316	11055	25	14766	43	8	45	3966	39	7
NA	NA	12570	NA	20965	151	1211226	10973	23	16044	67	24	52	4356	50	6
NA	NA	12371	NA	22623	123	1215734	12220	23	11722	26	44	50	3326	20	3
NA	NA	12060	NA	19250	98	1215494	12115	41	12164	28	23	59	3715	33	5
NA	NA	10806	NA	25016	152	1213206	13612	48	13805	36	58	71	3176	32	0
NA	NA	10564	NA	22264	90	1215166	13532	26	10552	21	36	49	3730	27	5
NA	NA	11217	NA	20952	132	1211089	13056	44	14902	59	28	78	3630	35	1
NA	NA	9503	NA	27210	85	1217319	15829	39	9396	19	66	73	2541	15	2
NA	NA	11787	NA	23326	122	1216637	13354	27	12307	26	37	53	2719	31	3
NA	NA	12614	NA	20231	126	1215593	12124	30	13548	30	24	55	3048	32	3
NA	NA	11415	NA	22845	124	1214289	13248	31	12808	31	45	65	3049	32	2
NA	NA	12385	NA	21349	156	1212930	11259	25	15326	54	18	64	3982	47	7
NA	NA	12950	NA	23159	126	1215338	11573	34	12705	39	51	50	3297	38	2
NA	NA	11293	NA	21881	117	1212887	12840	34	14440	33	32	68	3619	48	5
NA	NA	11830	NA	22691	128	1214368	12762	36	12267	36	42	59	3176	26	1
NA	NA	12036	NA	21134	122	1214714	12057	25	12779	39	34	53	3644	28	5
NA	NA	11192	NA	20460	109	1210614	12147	24	14972	43	25	59	4368	43	9
NA	NA	10598	NA	24268	107	1216834	14555	35	10397	26	47	65	2669	21	1
NA	NA	11757	NA	23473	131	1212003	11713	37	14457	40	38	64	4219	46	8
NA	NA	11878	NA	19081	127	1207222	11100	33	18166	59	20	60	4715	66	10
NA	NA	11765	NA	20578	121	1216119	13002	29	11848	30	34	54	2964	26	3
NA	NA	10602	NA	29154	98	1217602	14916	28	9138	18	72	72	2251	18	2
NA	NA	11139	NA	24185	108	1214384	13353	30	11225	20	52	73	3276	30	2
NA	NA	10996	NA	22793	88	1213970	13461	24	11795	26	40	73	3536	26	6
NA	NA	11228	NA	21568	146	1213498	12904	29	13916	38	21	62	3609	37	1
NA	NA	11210	NA	22198	113	1214371	13648	43	11883	30	31	66	2965	26	1
NA	NA	11110	NA	20463	145	1210232	12811	53	15534	49	30	68	3634	38	5
NA	NA	11408	NA	24126	159	1212855	12734	41	14477	33	46	73	3463	49	0
NA	NA	10249	NA	22991	81	1215206	14070	30	11436	17	38	69	3556	41	2
NA	NA	11078	NA	23167	98	1214214	13541	35	11856	28	48	67	3295	29	2
NA	NA	11925	NA	21016	86	1213979	12050	25	12624	36	23	71	4016	30	5
NA	NA	11910	NA	20232	131	1214853	12735	38	12990	31	22	48	3118	39	3
NA	NA	10634	NA	23206	133	1210290	13207	37	13679	33	43	76	3668	50	0
NA	NA	10848	NA	20727	142	1212680	12644	34	14491	42	36	63	4120	38	5
NA	NA	12288	NA	23181	109	1219569	12483	19	9552	19	52	44	3015	20	2
NA	NA	11364	NA	23126	81	1216974	13057	25	11194	23	47	68	3390	28	5
NA	NA	12077	NA	21822	125	1215506	12535	38	11898	29	41	53	3318	31	2
NA	NA	11298	NA	23965	109	1215693	13644	45	11313	21	46	63	2894	37	3
NA	NA	10475	NA	24393	153	1214436	14344	37	11856	21	35	71	2750	36	3
NA	NA	11000	NA	24556	74	1218190	14342	30	8135	12	42	50	2435	13	1
NA	NA	9592	NA	22693	130	1206858	13503	46	17749	66	31	100	4527	72	5
NA	NA	11773	NA	22674	185	1208749	11364	44	17203	61	31	66	4493	49	6
NA	NA	10927	NA	21645	164	1208208	11782	34	17568	58	39	70	4846	70	5
NA	NA	9891	NA	23288	104	1212019	14083	39	13760	26	41	68	3831	44	6
NA	NA	10462	NA	23144	110	1211405	12867	35	13554	33	50	82	4387	42	6
NA	NA	12131	NA	20356	89	1216781	12673	25	11023	24	24	54	3112	23	4
NA	NA	12564	NA	21454	97	1220125	13042	31	8078	12	29	45	2412	11	0
NA	NA	11092	NA	21469	96	1212579	12002	17	13917	40	29	68	4423	40	7
NA	NA	11364	NA	22943	91	1213628	12675	33	12522	29	39	60	3790	41	3
NA	NA	10453	NA	22140	99	1210306	13264	38	15637	43	34	71	3945	39	9
NA	NA	11006	NA	23418	90	1213661	13339	21	13263	36	56	87	3428	40	3
NA	NA	11656	NA	22311	123	1214876	13215	38	12389	26	32	59	3015	35	2
NA	NA	12571	NA	19506	136	1213367	11327	28	15132	55	34	66	3946	31	5
NA	NA	12187	NA	22608	110	1213879	11756	20	12996	37	34	64	3789	36	3
NA	NA	11024	NA	22953	147	1208398	12204	35	16879	53	33	91	4325	56	5
NA	NA	10740	NA	25374	89	1218005	14298	26	9672	18	50	60	2653	24	1
NA	NA	11015	NA	22071	119	1209812	12011	25	15665	49	33	67	4670	58	8
NA	NA	10098	NA	23970	108	1208907	13224	46	14380	33	49	90	4306	57	3
NA	NA	11669	NA	25416	112	1220546	14037	30	8533	17	55	52	2055	16	0
NA	NA	12823	NA	21991	111	1218091	12205	27	11454	31	32	47	2890	17	2
NA	NA	12036	NA	20748	152	1207265	10146	29	18551	80	31	69	5412	54	9
NA	NA	11023	NA	21587	146	1212973	13342	41	12264	28	35	64	3197	29	1
NA	NA	10858	NA	23358	178	1209555	12826	45	16578	53	33	82	3820	46	5
NA	NA	11843	NA	21290	124	1213010	12237	27	14096	48	35	60	3586	37	1
NA	NA	12581	NA	21340	69	1218294	12099	20	8849	19	27	39	3196	27	0
NA	NA	12256	NA	20172	77	1216022	12954	21	10799	24	17	41	2800	28	1
NA	NA	11964	NA	20733	127	1213541	11876	32	13189	22	31	52	3934	47	4
NA	NA	10574	NA	23146	78	1213648	13229	21	11555	25	36	60	3985	34	6
NA	NA	10968	NA	23713	118	1211420	12563	24	14592	35	36	69	4113	56	1
NA	NA	10549	NA	23432	140	1210822	12781	33	15034	36	40	85	4418	61	4
NA	NA	10518	NA	22362	124	1208688	12918	46	16361	32	43	66	4062	58	7
NA	NA	12207	NA	21414	117	1209819	11152	21	15997	55	38	60	4351	51	7
NA	NA	10999	NA	23100	99	1216435	13789	33	10040	19	40	72	2774	14	2
NA	NA	11189	NA	22328	122	1212020	11997	47	14172	42	45	72	4265	44	4
NA	NA	10828	NA	23116	81	1213577	13252	38	12738	32	31	69	3680	34	2
NA	NA	11858	NA	21414	121	1213002	12324	29	13691	35	31	60	3540	35	3
NA	NA	10132	NA	26140	79	1215387	14787	37	10181	14	63	68	3046	29	3
NA	NA	11905	NA	22632	109	1213332	12431	30	11487	34	33	56	3407	24	2
NA	NA	11279	NA	21077	130	1213443	13521	39	12929	34	36	62	2917	32	2
NA	NA	11016	NA	22824	91	1213336	13230	27	11148	24	42	68	3454	23	2
NA	NA	10766	NA	20235	155	1208076	12330	40	17985	63	17	85	4374	57	2
NA	NA	11174	NA	22099	147	1213332	13064	40	14136	31	35	76	3606	32	4
NA	NA	9732	NA	24279	134	1211407	14427	51	13345	24	44	84	3235	40	5
NA	NA	12047	NA	24276	104	1217611	12685	18	9895	17	64	62	3127	31	0
NA	NA	9881	NA	24767	162	1209827	13525	38	15759	43	54	103	4218	55	5
NA	NA	11355	NA	22521	107	1213372	12667	19	13376	40	32	66	3650	47	3
NA	NA	11118	NA	22325	123	1211984	12929	23	13410	33	31	65	3648	33	4
NA	NA	12677	NA	21546	150	1214153	12000	39	13433	41	35	61	3218	22	6
NA	NA	9976	NA	27124	125	1213468	14480	32	12491	39	71	98	3177	27	5
NA	NA	10931	NA	22375	93	1212632	12821	32	13986	38	36	66	4026	37	6
NA	NA	12735	NA	21818	85	1217348	11846	28	10607	21	28	45	3197	24	0
NA	NA	11248	NA	23709	136	1216716	14395	53	11271	28	50	63	2088	21	1
NA	NA	10689	NA	24009	122	1216267	14161	42	10455	20	41	53	3097	29	0
NA	NA	11433	NA	22759	149	1208496	11723	47	16440	59	42	69	4284	43	5
NA	NA	11064	NA	22817	111	1215440	13574	29	11575	24	45	70	3139	31	1
NA	NA	10074	NA	23616	119	1209651	13586	38	14580	32	39	101	4022	46	6
NA	NA	12715	NA	20298	161	1214219	11552	31	14157	42	21	54	3428	31	3
NA	NA	9548	NA	25673	90	1210418	14453	28	13735	26	45	85	3783	53	4
NA	NA	10462	NA	21917	113	1211845	14217	42	12959	26	38	84	3125	40	1
NA	NA	11143	NA	21712	100	1212564	12654	33	11908	20	34	52	3876	40	4
NA	NA	12691	NA	18392	145	1212450	10829	31	15022	43	10	49	4351	54	5
NA	NA	12563	NA	21577	105	1217925	12559	28	11200	26	35	52	2801	27	0
NA	NA	10660	NA	23930	71	1219402	15047	36	8954	13	59	62	2019	15	1
NA	NA	11940	NA	21815	97	1217999	13267	25	9888	21	39	51	2655	21	0
NA	NA	10712	NA	21035	108	1210626	12380	36	15506	54	24	84	4475	47	7
NA	NA	10795	NA	23005	100	1218751	14720	31	8708	13	46	49	2318	16	1
NA	NA	10905	NA	21407	141	1206274	11807	33	18207	50	39	93	4815	70	11
NA	NA	11954	NA	21685	106	1216322	12394	24	11152	29	31	62	3360	27	1
NA	NA	10530	NA	21909	100	1209762	12589	33	14770	38	33	71	4702	50	8
NA	NA	11674	NA	22458	80	1214851	12758	32	11956	28	35	54	3408	32	2
NA	NA	10770	NA	22320	131	1209069	12375	32	16128	43	46	75	4533	53	4
NA	NA	12577	NA	21136	104	1219444	12540	17	9484	30	30	38	2647	24	0
NA	NA	13472	NA	19154	84	1217614	11395	21	11148	33	25	40	3149	19	1
NA	NA	11296	NA	22154	125	1214985	13636	27	11924	21	42	50	2880	34	6
NA	NA	10826	NA	24071	136	1210089	12619	48	14593	46	38	61	4060	46	3
NA	NA	12357	NA	21042	120	1211915	11746	27	14162	51	22	57	3583	28	2
NA	NA	10723	NA	24957	81	1214471	13545	25	11500	23	51	74	3305	34	2
NA	NA	9506	NA	25494	140	1208625	14076	49	16455	40	60	119	3753	62	2
NA	NA	10876	NA	20893	101	1211611	12889	25	13076	28	26	62	4177	48	2
NA	NA	11019	NA	23546	131	1210504	12531	31	14874	31	39	79	3982	54	4
NA	NA	10751	NA	21396	132	1210114	12839	34	14856	37	26	81	4115	46	4
NA	NA	13522	NA	19481	120	1216805	11295	35	12530	31	29	47	2829	32	2
NA	NA	11362	NA	21807	110	1215380	13473	39	11848	30	29	70	2920	33	2
NA	NA	12248	NA	21319	92	1219844	12787	20	9377	14	33	50	2855	19	1
NA	NA	11117	NA	22189	119	1211039	12773	32	14542	53	36	71	3734	37	3
NA	NA	10913	NA	22326	119	1213885	13547	48	12325	32	39	68	3251	25	3
NA	NA	9824	NA	23856	111	1208392	13596	36	15907	48	45	98	4298	54	7
NA	NA	10432	NA	24841	85	1214756	14126	35	11679	25	60	71	3423	36	2
NA	NA	11655	NA	23374	125	1213606	12875	31	13126	30	57	72	3159	29	3
NA	NA	11625	NA	21859	129	1211305	12316	34	14835	39	31	74	3892	41	5
NA	NA	11930	NA	24026	104	1216815	13241	31	10067	28	50	67	2831	15	0
NA	NA	11555	NA	21685	134	1214232	12656	30	12516	39	33	71	3708	34	4
NA	NA	11980	NA	20807	154	1212447	11792	34	14011	44	31	44	3736	44	3
NA	NA	11094	NA	21142	99	1214930	13139	50	12647	29	29	64	3434	31	2
NA	NA	11202	NA	21373	153	1206999	10981	32	18003	63	28	84	5302	56	9
NA	NA	11416	NA	22636	133	1211667	12105	39	14736	45	38	63	4067	42	6
NA	NA	10275	NA	26015	133	1212692	13728	26	12341	29	61	74	3745	33	3
NA	NA	11388	NA	21665	116	1212947	12545	33	14438	42	41	67	3933	39	6
NA	NA	12332	NA	19843	93	1215043	11328	14	12841	36	25	45	4056	45	1
NA	NA	11085	NA	22582	123	1212146	12497	30	14084	33	40	77	4147	42	4
NA	NA	13007	NA	22158	116	1219272	12275	27	10523	26	37	48	2637	16	0
NA	NA	11031	NA	21701	121	1214712	13080	36	12418	22	30	68	3796	48	4
NA	NA	11243	NA	21485	139	1208254	11241	37	16758	46	21	72	5144	59	13
NA	NA	10574	NA	22308	141	1206319	12198	45	17685	60	28	91	5067	56	10
NA	NA	12048	NA	21954	82	1219590	13638	18	9042	16	40	39	2271	22	0
NA	NA	9752	NA	23552	91	1211645	14589	49	13177	29	50	83	3442	37	5
NA	NA	10945	NA	21349	110	1211543	12796	29	14700	49	38	82	4065	41	2
NA	NA	10673	NA	23293	92	1217020	14595	33	10207	23	52	63	2556	23	0
NA	NA	11973	NA	19810	109	1212406	11545	24	12972	38	25	53	4257	41	6
NA	NA	11480	NA	21304	94	1212279	11900	25	14378	33	28	71	4519	46	9
NA	NA	14129	NA	19939	147	1218147	11338	29	11304	26	33	43	2515	22	2
NA	NA	11061	NA	24122	133	1213312	13038	31	12718	36	49	67	3654	39	1
NA	NA	10920	NA	24890	116	1214216	13160	34	11909	22	56	67	3735	28	4
NA	NA	10936	NA	21971	118	1215097	14135	34	11572	27	33	55	2707	27	0
NA	NA	11300	NA	21281	116	1210918	12364	29	14117	46	43	63	4124	40	3
NA	NA	13076	NA	21041	107	1218976	11912	21	9784	22	27	55	2900	22	0
NA	NA	11415	NA	24908	116	1215808	13244	32	11329	16	44	46	3109	31	2
NA	NA	11564	NA	20582	137	1211394	12037	34	14411	42	27	64	4203	40	5
NA	NA	11077	NA	24754	130	1214264	13391	35	12627	32	51	69	3282	20	3
NA	NA	11072	NA	23260	108	1214477	13406	34	13230	38	50	71	3266	37	0
NA	NA	11455	NA	20172	140	1206742	11336	29	17140	56	29	71	4885	58	8
NA	NA	11398	NA	20539	118	1209444	11985	18	15263	51	27	70	4462	50	7
NA	NA	10709	NA	24396	115	1215187	14447	42	11777	24	41	60	2620	29	1
NA	NA	13015	NA	25141	126	1220000	12366	16	8890	21	53	54	2653	19	2
NA	NA	10650	NA	20779	130	1209138	13055	47	16484	46	37	88	4019	60	9
NA	NA	11850	NA	22056	130	1212565	12078	27	14235	56	49	70	3969	37	2
NA	NA	11606	NA	22671	114	1217751	13968	35	10794	23	38	61	2260	19	2
NA	NA	11971	NA	22874	110	1215259	12887	25	12713	34	55	61	3205	41	0
NA	NA	11279	NA	21654	138	1212287	12745	37	14160	38	31	78	3595	43	2
NA	NA	11979	NA	25776	102	1221497	13804	31	7842	15	58	52	2145	15	1
NA	NA	13206	NA	19715	110	1214633	11316	34	13703	38	32	66	3431	28	3
NA	NA	11264	NA	23323	82	1215633	13119	31	10677	30	40	54	3463	17	3
NA	NA	11518	NA	23156	97	1214493	13455	27	11275	31	44	66	2817	31	1
NA	NA	10281	NA	22629	136	1207497	12778	28	16241	49	43	76	4690	60	6
NA	NA	12549	NA	21021	110	1215965	11687	18	11745	36	22	54	3428	32	3
NA	NA	10580	NA	22441	156	1209251	11958	35	15733	37	39	79	5003	59	10
NA	NA	13220	NA	20757	102	1218306	11738	31	10906	31	35	51	2936	21	2
NA	NA	11814	NA	22427	106	1217184	12471	21	10915	23	40	50	3451	30	1
NA	NA	10527	NA	23739	131	1212184	13723	46	14059	33	27	78	3501	50	2
NA	NA	11353	NA	22385	155	1211368	12503	50	13873	45	35	53	3988	35	5
NA	NA	12748	NA	23188	77	1221710	12746	19	7729	14	36	37	2653	12	1
NA	NA	11417	NA	23635	132	1217239	13865	35	10107	23	39	57	2724	28	2
NA	NA	11534	NA	23536	113	1215961	13376	29	10960	18	49	60	2865	30	2
NA	NA	10875	NA	22730	115	1212539	13160	30	13615	51	36	71	3790	47	4
NA	NA	11990	NA	20192	115	1211816	11096	30	15057	46	26	55	4508	42	8
NA	NA	11532	NA	22550	91	1215221	13059	28	11512	23	32	48	3083	36	1
NA	NA	10551	NA	23127	118	1211327	13198	21	13748	40	37	63	4046	45	8
NA	NA	12095	NA	26784	180	1215698	12700	36	13284	36	64	73	2816	30	1
NA	NA	11987	NA	21413	105	1212425	11572	24	13407	41	36	55	4172	35	3
NA	NA	11973	NA	21400	113	1215568	12609	26	11947	36	36	49	3394	34	3
NA	NA	11721	NA	22582	143	1212644	12914	28	13652	31	45	68	3132	33	2
NA	NA	10953	NA	25161	95	1216162	14046	31	10557	20	53	69	2854	21	1
NA	NA	11290	NA	19680	104	1213374	12458	24	13110	25	23	60	4106	49	3
NA	NA	12843	NA	20446	139	1215853	11889	30	12907	28	35	49	3047	26	1
NA	NA	12681	NA	19528	83	1217624	11716	21	11215	26	22	47	3315	29	2
NA	NA	10705	NA	23558	101	1215952	14277	39	11108	22	44	76	2764	38	1
NA	NA	11372	NA	21292	100	1215304	13229	31	11932	29	29	51	3060	21	3
NA	NA	11902	NA	22681	141	1215839	13135	33	11089	31	45	61	3053	20	3
NA	NA	11284	NA	23112	112	1216359	13387	33	11527	20	39	67	3091	30	3
NA	NA	11008	NA	22927	93	1216166	13380	32	11679	33	41	76	3338	31	3
NA	NA	11190	NA	22538	131	1209698	12104	39	16360	50	42	59	4309	52	5
NA	NA	10267	NA	24955	129	1211711	14027	46	13860	30	60	91	3548	45	1
NA	NA	11624	NA	22929	119	1214895	12823	33	12686	26	33	58	3239	33	3
NA	NA	9945	NA	23133	106	1209287	13325	46	13960	23	39	66	4214	45	6
NA	NA	12584	NA	23906	98	1217922	12530	14	9913	27	48	43	2838	19	2
NA	NA	11487	NA	21989	88	1215409	12996	27	10720	29	26	55	3252	29	1
NA	NA	9960	NA	21264	144	1207253	13303	48	17152	49	30	93	4343	54	7
NA	NA	11929	NA	20476	116	1214288	13059	39	12197	24	31	62	2906	27	1
NA	NA	10675	NA	23025	117	1211100	12821	35	14755	45	49	69	4079	40	4
NA	NA	11545	NA	22768	133	1211582	12088	40	13981	34	39	58	3959	39	6
NA	NA	11403	NA	24544	110	1217396	13668	38	10059	15	48	58	2696	21	1
NA	NA	11281	NA	21476	128	1210850	12629	37	14576	34	38	69	4078	46	5
NA	NA	10472	NA	22934	89	1215512	14320	26	11077	22	50	67	2909	27	0
NA	NA	11578	NA	22213	89	1217659	13317	21	11092	27	38	72	2978	21	3
NA	NA	10037	NA	22200	108	1206066	13138	30	16799	54	38	80	4610	60	9
NA	NA	10945	NA	25314	136	1214414	13691	43	12738	26	45	78	3102	32	1
NA	NA	11797	NA	24277	109	1213062	12186	19	12381	35	44	64	3658	29	2
NA	NA	10789	NA	22726	103	1212590	13296	27	13429	34	41	74	3631	47	1
NA	NA	10712	NA	23762	128	1208583	12170	35	15311	46	37	82	4772	55	7
NA	NA	10918	NA	25202	165	1209678	12556	31	16075	35	53	88	4131	47	7
NA	NA	11709	NA	21067	122	1211702	11640	26	14333	39	37	70	4523	49	6
NA	NA	11604	NA	22028	103	1210702	11740	33	14800	40	46	78	4373	48	6
NA	NA	10708	NA	23179	76	1217546	14614	42	10007	21	29	44	2632	26	2
NA	NA	12402	NA	23376	130	1216343	12519	35	10722	25	39	56	3085	25	1
NA	NA	11464	NA	23856	92	1218369	13696	29	9541	15	39	54	2571	22	0
NA	NA	11760	NA	22779	92	1215400	12005	32	11598	18	43	53	3923	29	7
NA	NA	10920	NA	22331	134	1209738	12590	35	15061	38	29	78	4060	45	5
NA	NA	12243	NA	22888	106	1215977	12529	36	12064	30	36	50	3158	35	3
NA	NA	10597	NA	27296	160	1212551	13396	41	13343	37	57	98	3858	35	3
NA	NA	10943	NA	24105	110	1213969	13659	28	12585	28	46	68	3137	24	6
NA	NA	11785	NA	22640	112	1216117	13280	46	11753	27	36	66	2691	29	1
NA	NA	11493	NA	24718	118	1214675	12825	24	12381	31	52	69	3483	39	0
NA	NA	13029	NA	22623	107	1218171	11624	28	9935	29	40	46	3060	19	0
NA	NA	11598	NA	24214	121	1217351	13476	22	10868	22	41	64	2746	23	0
NA	NA	11658	NA	24531	87	1216021	12609	28	10957	26	50	76	3583	26	5
NA	NA	11390	NA	19854	117	1209411	12090	37	17008	64	30	84	4138	57	9
NA	NA	12371	NA	17470	102	1210359	11181	20	16429	65	16	54	4193	51	6
NA	NA	12115	NA	24102	76	1219285	13275	27	8366	13	51	46	2452	12	3
NA	NA	11356	NA	22955	122	1215238	13129	39	12525	27	45	63	3279	30	2
NA	NA	11899	NA	21846	100	1217745	13634	26	9526	15	28	47	2486	23	1
NA	NA	10773	NA	22611	107	1213935	13837	41	12872	26	40	79	3130	26	4
NA	NA	11705	NA	22375	97	1218863	14183	31	8500	14	35	43	1874	15	0
NA	NA	11216	NA	23756	133	1214222	13237	35	12923	26	49	69	3125	41	6
NA	NA	10711	NA	24295	86	1215204	13849	29	10438	17	51	56	3301	31	2
NA	NA	12968	NA	20555	101	1216688	11705	23	11529	28	27	44	3011	26	1
NA	NA	11221	NA	22836	132	1209951	12012	35	15872	54	47	86	4416	49	2
NA	NA	11494	NA	20057	96	1212637	12366	31	13401	38	27	62	3933	30	3
NA	NA	10710	NA	25024	114	1217372	15325	31	9272	22	54	53	1765	11	0
NA	NA	13200	NA	21887	135	1217376	11204	22	11906	33	41	49	3551	35	2
NA	NA	12065	NA	20548	119	1214088	11672	24	13175	30	23	56	3996	37	1
NA	NA	10369	NA	23696	111	1215422	14836	32	10621	31	59	52	2700	27	0
NA	NA	12388	NA	20250	111	1215336	12064	24	11999	26	27	43	3288	32	0
NA	NA	10833	NA	24616	112	1214755	13315	33	11547	17	44	78	3548	39	2
NA	NA	11180	NA	22910	122	1213265	13280	31	13185	40	46	71	3337	31	1
NA	NA	10661	NA	22628	111	1210792	13149	41	14588	40	34	80	4079	48	6
NA	NA	12745	NA	20866	89	1214427	11508	24	13597	38	34	68	3639	38	3
NA	NA	11074	NA	23170	154	1211250	13288	53	13674	36	39	62	3060	32	1
NA	NA	11481	NA	23763	134	1212937	12460	40	13343	40	37	54	3703	31	4
NA	NA	10537	NA	25404	154	1210131	12887	46	15264	39	67	81	4079	54	4
NA	NA	12314	NA	19190	91	1214682	12014	33	12846	36	31	54	3555	28	2
NA	NA	10513	NA	27364	146	1212611	13493	40	12998	43	70	85	3477	30	1
NA	NA	11030	NA	23088	121	1214222	13146	32	12829	29	43	55	3711	31	3
NA	NA	11307	NA	22417	149	1208334	12246	52	16953	64	29	88	3971	36	5
NA	NA	10650	NA	25479	166	1210821	13030	50	14840	41	68	76	4064	51	5
NA	NA	10635	NA	21543	115	1214173	14044	50	12191	21	27	48	3311	38	8
NA	NA	11898	NA	23272	116	1213358	12480	31	13225	39	42	75	3422	30	2
NA	NA	11346	NA	23372	145	1215104	13358	34	12745	33	42	75	3080	36	2
NA	NA	11596	NA	22605	144	1212969	11778	32	13743	43	36	65	4362	36	3
NA	NA	11362	NA	22408	101	1215654	13911	36	11962	28	39	68	2623	27	3
NA	NA	11071	NA	21235	163	1210114	12401	44	16850	58	27	69	4042	54	7
NA	NA	11753	NA	19701	126	1211294	11919	39	15921	39	26	69	4115	54	3
NA	NA	10559	NA	24615	111	1218082	15020	40	9157	16	31	55	2550	18	2
NA	NA	11725	NA	22180	145	1212952	12632	33	13532	44	33	77	3489	33	1
NA	NA	11620	NA	19400	143	1208442	11456	33	17016	51	27	61	4563	64	4
NA	NA	11463	NA	22397	138	1208775	11893	38	16955	48	37	82	4244	59	4
NA	NA	12934	NA	19955	98	1217068	11798	29	11595	25	25	50	3086	26	3
NA	NA	11674	NA	20645	137	1206597	10838	37	18108	62	32	73	5070	66	9
NA	NA	10781	NA	24381	97	1213230	13292	30	12587	31	52	72	3539	45	1
NA	NA	11858	NA	21577	111	1215476	13118	43	12006	35	32	65	3050	23	1
NA	NA	11875	NA	22170	154	1210070	11880	32	15527	45	36	68	4152	40	4
NA	NA	9636	NA	26611	126	1210217	13999	51	14739	38	53	116	3873	44	4
NA	NA	11046	NA	21413	150	1208213	11723	38	17628	47	27	81	4761	59	8
NA	NA	12502	NA	21643	61	1221969	13330	23	8039	11	26	39	2153	15	1
NA	NA	11310	NA	22433	137	1211012	12973	33	14304	38	44	69	3449	41	3
NA	NA	11340	NA	23830	124	1214824	13333	39	12164	17	34	67	2884	33	4
NA	NA	11704	NA	22351	134	1213827	13061	37	12797	25	26	65	3207	33	1
NA	NA	10946	NA	23018	91	1217789	13754	25	9441	13	46	56	3100	28	0
NA	NA	11683	NA	24218	146	1216530	13387	37	11789	28	48	54	2766	27	2
NA	NA	12177	NA	19215	88	1216923	12465	28	11468	26	24	53	3308	24	3
NA	NA	10016	NA	24224	96	1208492	13587	46	15014	32	51	96	4163	54	3
NA	NA	11223	NA	20241	120	1207908	11706	35	16038	42	24	68	4672	60	4
NA	NA	11869	NA	24390	87	1216975	12895	23	10202	21	50	50	3015	26	4
NA	NA	12776	NA	21782	106	1216169	11714	26	12028	31	41	55	3441	24	2
NA	NA	12050	NA	19616	149	1211758	11783	44	15067	58	21	51	3871	45	6
NA	NA	11726	NA	21290	103	1212783	12824	35	13556	46	31	65	3192	35	2
NA	NA	10431	NA	23774	103	1212140	13758	45	14170	34	44	78	3579	47	6
NA	NA	11052	NA	23119	121	1210992	12129	32	15088	46	40	71	4595	57	5
NA	NA	9970	NA	25644	139	1211714	14109	39	13716	27	48	83	3692	39	4
NA	NA	10524	NA	25630	123	1213036	12838	28	12875	27	62	68	4396	48	4
NA	NA	11559	NA	23400	86	1215320	12825	22	11273	19	40	59	3433	32	2
NA	NA	11774	NA	25754	92	1218340	13564	23	9782	21	45	71	2459	23	1
NA	NA	10792	NA	24210	136	1212495	12771	36	13309	31	46	68	3937	48	2
NA	NA	11105	NA	23190	132	1208832	12629	41	16420	47	39	84	4029	55	3
NA	NA	10395	NA	24121	112	1213606	14021	37	12977	28	54	89	3484	32	4
NA	NA	11150	NA	23427	73	1215988	13631	35	10281	23	33	53	2982	21	1
NA	NA	11666	NA	22144	108	1213323	11945	26	13183	36	41	61	4088	36	6
NA	NA	10034	NA	24101	152	1207048	13472	45	17798	57	53	116	4198	60	4
NA	NA	12057	NA	21699	120	1212480	11402	22	14464	56	33	56	4143	40	2
NA	NA	11901	NA	19316	109	1212155	11896	40	13800	38	25	60	3992	39	4
NA	NA	10877	NA	23662	126	1210339	12730	25	14680	35	52	81	4032	46	3
NA	NA	10700	NA	22420	121	1210761	12938	29	14612	42	33	77	4227	48	10
NA	NA	10624	NA	25352	66	1216376	14457	42	10173	23	55	64	2762	21	3
NA	NA	10444	NA	26688	122	1211669	13313	38	13372	34	64	81	3887	50	3
NA	NA	12537	NA	19850	122	1215084	11340	38	13603	40	31	52	3890	30	5
NA	NA	11220	NA	22554	86	1215345	13532	27	11293	32	40	75	3119	21	0
NA	NA	12653	NA	20858	105	1216909	11884	23	11411	23	37	55	3259	22	3
NA	NA	10775	NA	24860	101	1215680	14277	41	10673	15	49	57	2730	30	1
NA	NA	11105	NA	22234	106	1212273	12131	22	13662	44	38	66	4613	45	4
NA	NA	12494	NA	22547	94	1218728	12218	18	10831	40	34	47	3040	31	0
NA	NA	10430	NA	23654	119	1209657	12896	35	15334	45	40	69	4303	55	4
NA	NA	11180	NA	18774	98	1208600	11831	33	16323	49	19	64	4681	52	6
NA	NA	14118	NA	17871	115	1215091	9958	23	13348	48	17	43	3775	32	4
NA	NA	10482	NA	24065	146	1211451	13321	39	14131	32	35	82	3740	47	3
NA	NA	10674	NA	22314	100	1210223	12797	32	13976	36	24	63	4275	41	6
NA	NA	10235	NA	22271	126	1211285	13346	32	13851	39	28	86	4209	41	6
NA	NA	11392	NA	24074	103	1214769	13168	47	12276	31	43	64	3104	24	3
NA	NA	11924	NA	22132	148	1212617	12031	47	14903	44	25	77	3707	41	3
NA	NA	12711	NA	19875	126	1214179	11176	22	13707	35	24	56	4007	39	6
NA	NA	10697	NA	24697	133	1212386	13413	32	12858	33	41	74	3620	38	2
NA	NA	10208	NA	22473	132	1210186	13676	41	15219	42	27	87	3849	51	1
NA	NA	10735	NA	22865	141	1210709	12399	46	15146	43	39	72	4434	62	4
NA	NA	12238	NA	22220	95	1219158	13320	26	8713	12	40	42	2346	18	0
NA	NA	10459	NA	24067	124	1212427	13758	31	13606	30	51	89	3325	35	2
NA	NA	11196	NA	23570	94	1217042	13815	26	9789	18	52	52	2834	19	0
NA	NA	12665	NA	20215	106	1217150	11963	15	10930	23	24	40	3179	25	2
NA	NA	10567	NA	23525	116	1212339	13468	38	13966	39	34	85	3796	42	1
NA	NA	11136	NA	23362	88	1215217	13434	34	11318	18	41	69	3201	26	4
NA	NA	12117	NA	19849	127	1212914	12148	38	14307	41	28	49	3526	38	3
NA	NA	10722	NA	23307	129	1215083	14136	47	11994	25	44	63	2856	26	3
NA	NA	12064	NA	24077	90	1216600	12186	13	10652	29	40	51	3485	29	3
NA	NA	11114	NA	22384	154	1208142	12108	44	17026	55	43	77	4215	61	3
NA	NA	10978	NA	26142	98	1218685	14358	32	9495	16	48	57	2401	20	1
NA	NA	10751	NA	24973	138	1213594	13346	34	12941	27	60	84	3519	28	3
NA	NA	13190	NA	23103	101	1220287	12101	16	9417	15	34	44	2683	19	0
NA	NA	12119	NA	22430	84	1215618	11871	16	11463	22	40	56	3842	34	3
NA	NA	11792	NA	22035	139	1213938	12790	31	13000	31	27	62	3103	26	2
NA	NA	9723	NA	25776	76	1214805	15053	40	11735	31	45	72	3058	33	1
NA	NA	11827	NA	25720	139	1216299	12546	33	11828	23	70	63	3455	36	1
NA	NA	12010	NA	21036	143	1213724	11603	40	14030	40	25	61	4181	35	7
NA	NA	11656	NA	23727	85	1222785	14776	35	6842	12	43	43	1646	8	0
NA	NA	12568	NA	15963	98	1211366	10460	20	15519	61	13	37	4953	46	9
NA	NA	12153	NA	22452	132	1216890	13578	25	11556	22	36	63	2150	26	1
NA	NA	10662	NA	20882	84	1214537	13939	32	11917	28	29	63	3373	31	1
NA	NA	11207	NA	23385	110	1212419	12599	32	12447	39	54	66	3920	27	3
NA	NA	11622	NA	22890	88	1218250	13417	23	9492	20	41	48	2905	16	1
NA	NA	10035	NA	23965	106	1211842	13871	35	13798	29	47	76	3803	39	5
NA	NA	11319	NA	22814	115	1211811	12785	44	13407	31	40	68	3643	45	3
NA	NA	10562	NA	24624	103	1214115	14313	33	12358	33	51	75	2817	35	1
NA	NA	10199	NA	25504	121	1213275	14373	37	13040	27	61	67	3082	40	1
NA	NA	11054	NA	25679	127	1213590	13477	35	11199	18	64	64	3391	29	2
NA	NA	9885	NA	24048	142	1209095	13450	36	16232	37	61	88	4394	64	8
NA	NA	11208	NA	22057	122	1209016	11299	28	17002	49	30	69	5184	69	8
NA	NA	10518	NA	25437	138	1212926	13631	40	11904	27	54	83	3540	32	2
NA	NA	10848	NA	25974	96	1217584	14426	32	10506	17	60	69	2754	21	3
NA	NA	10368	NA	21618	163	1204985	12067	53	20348	76	37	74	5107	96	5
NA	NA	10849	NA	23355	117	1212139	12891	21	12918	27	34	67	4029	40	3
NA	NA	12290	NA	20252	113	1211921	11174	23	14151	36	30	56	4381	40	5
NA	NA	11915	NA	22251	92	1217772	13346	32	10035	20	34	50	2679	21	0
NA	NA	11531	NA	20491	135	1210267	11961	38	15735	48	27	69	4285	43	6
NA	NA	11812	NA	24934	135	1216180	13156	39	11440	18	53	65	2780	28	2
NA	NA	11403	NA	22736	129	1213307	12767	33	12455	39	47	65	3526	25	1
NA	NA	13049	NA	18141	114	1215985	10869	22	12834	34	16	44	3927	34	3
NA	NA	11856	NA	21845	130	1209928	11359	30	16029	70	42	79	4242	47	4
NA	NA	12088	NA	20962	93	1215966	12745	27	11329	30	38	55	3118	27	2
NA	NA	12594	NA	22788	84	1220947	12885	22	8147	11	34	39	2453	17	1
NA	NA	11801	NA	20715	100	1211649	11407	32	14537	48	20	75	4415	38	6
NA	NA	10567	NA	23596	156	1207089	12160	38	16373	46	45	79	4766	51	14
NA	NA	12120	NA	18698	94	1209376	10750	17	16366	67	24	59	4878	54	10
NA	NA	10919	NA	24273	141	1212611	13026	42	13151	35	51	79	3698	40	0
NA	NA	12022	NA	23436	106	1219383	13271	28	10196	22	50	65	2465	22	2
NA	NA	10764	NA	20970	79	1209897	12063	25	13979	38	32	65	4799	45	8
NA	NA	10171	NA	24435	124	1212665	13998	37	12897	30	47	80	3693	30	2
NA	NA	9911	NA	25350	86	1212766	14109	20	11895	23	46	70	3739	43	5
NA	NA	12729	NA	21751	95	1218312	12051	30	9919	20	37	46	3032	20	1
NA	NA	11541	NA	21799	111	1213080	12480	18	12817	29	34	66	3633	32	4
NA	NA	11498	NA	20982	106	1209839	11502	33	16047	56	33	60	4466	55	6
NA	NA	11520	NA	25428	103	1217429	13447	23	10171	18	43	67	2912	22	0
NA	NA	11392	NA	22833	129	1212059	12163	30	14578	35	45	78	4330	50	3
NA	NA	11181	NA	23975	103	1217801	13961	25	9780	18	48	55	2511	19	0
NA	NA	11804	NA	23226	102	1216310	12856	27	10469	15	47	59	2938	20	4
NA	NA	12129	NA	22433	142	1214047	11672	29	14078	37	40	58	3947	36	5
NA	NA	11722	NA	22868	105	1217310	13094	29	10451	20	37	44	3131	30	3
NA	NA	10761	NA	20280	108	1209777	12384	32	15785	49	19	70	4516	58	8
NA	NA	10478	NA	23646	120	1212999	14049	48	13093	29	39	84	3131	33	2
NA	NA	11356	NA	22928	114	1211041	11954	28	14401	34	36	67	4354	43	8
NA	NA	10841	NA	23473	95	1215873	14081	30	10629	23	50	54	3005	25	0
NA	NA	10950	NA	25076	105	1216210	14091	30	10072	25	44	62	2705	22	0
NA	NA	11961	NA	25169	155	1214019	12293	44	13708	32	52	74	3569	34	2
NA	NA	12767	NA	19914	115	1212920	10866	35	13202	37	23	53	4120	40	2
NA	NA	11677	NA	23659	94	1213135	12201	33	13231	43	42	56	3956	30	8
NA	NA	9862	NA	24032	120	1207035	12461	39	16780	43	31	90	5272	76	8
NA	NA	11342	NA	22480	109	1213173	13086	37	13749	34	37	85	3373	28	4
NA	NA	11274	NA	23100	105	1216691	13863	29	11206	28	51	55	2667	22	1
NA	NA	10885	NA	25334	103	1215396	13755	31	10560	20	48	60	3100	31	2
NA	NA	11145	NA	22902	122	1216794	13958	37	11886	30	47	64	2544	28	1
NA	NA	11148	NA	22567	94	1214659	13373	30	11092	24	30	61	3271	29	2
NA	NA	9783	NA	23623	180	1205941	13078	63	18526	52	49	97	4661	59	10
NA	NA	10666	NA	24717	143	1211062	12796	31	14254	39	44	85	4101	44	5
NA	NA	10608	NA	24625	134	1210689	13642	36	14036	34	44	85	3350	41	2
NA	NA	10312	NA	25729	126	1210267	13669	45	13854	41	53	84	3686	42	2
NA	NA	12742	NA	22567	140	1216023	11535	33	12803	37	32	51	3354	28	1
NA	NA	11785	NA	24768	116	1216602	12734	31	11663	30	55	66	3294	28	3
NA	NA	11413	NA	22223	99	1216237	13336	38	11482	29	50	50	2959	25	4
NA	NA	12021	NA	23170	94	1218189	12944	29	10468	20	33	38	2960	18	2
NA	NA	10031	NA	24738	116	1212965	14019	53	13068	34	49	65	3716	41	3
NA	NA	11364	NA	23387	126	1213734	12742	50	13106	28	39	72	3518	32	4
NA	NA	10763	NA	26403	112	1215244	13528	25	11729	31	54	64	3458	37	2
NA	NA	11117	NA	23233	122	1215546	13515	40	12415	35	40	60	3014	28	2
NA	NA	12573	NA	20702	114	1214348	12005	29	12718	33	31	53	3243	24	2
NA	NA	11575	NA	22123	107	1209585	11509	31	15534	35	39	74	4494	56	4
NA	NA	10314	NA	25205	129	1212014	13671	34	13461	32	60	93	3761	34	5
NA	NA	12147	NA	21629	170	1213543	12416	41	14342	35	32	65	3013	38	1
NA	NA	10898	NA	21516	109	1214273	13467	34	12565	40	29	62	3470	31	1
NA	NA	11218	NA	23554	100	1219223	14209	43	10132	17	42	55	2333	17	1
NA	NA	11758	NA	22908	105	1217362	13490	29	10545	24	30	61	2692	28	2
NA	NA	10037	NA	25320	109	1213376	14046	38	12019	25	63	85	3606	34	3
NA	NA	11877	NA	22983	111	1218174	13440	23	9480	14	34	51	2479	22	0
NA	NA	12055	NA	19600	99	1213424	11525	18	13923	34	18	55	4140	38	7
NA	NA	12379	NA	20963	119	1211421	11030	29	15055	52	31	81	4450	46	5
NA	NA	11578	NA	23985	130	1218169	13717	40	10224	19	52	60	2602	24	0
NA	NA	11706	NA	22123	138	1212185	12036	33	13658	38	40	52	4057	39	3
NA	NA	10536	NA	21971	134	1207365	12231	52	16911	69	29	74	4812	59	7
NA	NA	12041	NA	21584	125	1211855	11728	31	14292	46	23	45	4166	44	3
NA	NA	11788	NA	22781	78	1217086	13254	24	9265	12	32	44	2912	25	0
NA	NA	13287	NA	19036	95	1217763	11666	26	10843	26	20	38	3073	25	1
NA	NA	10859	NA	21950	111	1211518	13095	46	13918	41	41	80	3592	30	4
NA	NA	10630	NA	23816	96	1210702	12777	32	13632	33	53	69	4185	51	2
NA	NA	12117	NA	24035	143	1215426	12711	40	11832	24	53	53	2910	32	0
NA	NA	12538	NA	21732	95	1211475	10528	20	14627	49	40	61	4690	42	10
NA	NA	11331	NA	24112	99	1215554	13455	16	10970	23	39	75	3245	26	0
NA	NA	11265	NA	20394	112	1214128	13236	31	12294	20	27	53	3463	33	3
NA	NA	10821	NA	24564	126	1213075	13081	35	13079	34	42	71	3941	36	3
NA	NA	12091	NA	24515	119	1220269	13889	37	9178	23	52	49	2096	13	0
NA	NA	11110	NA	23299	156	1211873	12889	37	15148	42	36	82	3600	39	2
NA	NA	11611	NA	19641	174	1212683	12355	26	14059	44	15	57	3721	43	6
NA	NA	11678	NA	21988	137	1214145	12670	34	12733	39	40	70	3336	22	1
NA	NA	11435	NA	22107	69	1215480	12967	18	10914	29	41	45	3473	42	3
NA	NA	10981	NA	22965	82	1214429	13132	22	11170	26	37	61	3874	30	2
NA	NA	11425	NA	25041	158	1209753	12022	32	15347	54	50	70	4266	64	4
NA	NA	10495	NA	20270	110	1207049	12575	39	16117	49	28	67	4510	58	5
NA	NA	11006	NA	24853	86	1219239	14353	35	9106	15	54	49	2350	20	0
NA	NA	9658	NA	25811	110	1211734	14887	45	12503	26	54	100	3388	31	2
NA	NA	11345	NA	20661	138	1208782	11522	21	16369	62	33	69	4916	51	6
NA	NA	10783	NA	23249	127	1211569	12759	31	12930	30	43	65	4258	41	5
NA	NA	11175	NA	27257	77	1219009	14275	27	8974	12	58	52	2593	24	0
NA	NA	11515	NA	25387	144	1212437	11784	40	14212	36	45	74	4365	41	6
NA	NA	11363	NA	19991	113	1212147	12526	48	14595	49	33	67	3761	40	2
NA	NA	12856	NA	20056	149	1214586	11261	25	13506	37	21	59	3519	34	4
NA	NA	11126	NA	23531	94	1214069	12985	32	12385	27	43	56	3514	38	1
NA	NA	11297	NA	24081	78	1219628	14456	29	8744	22	52	58	2220	19	0
NA	NA	11674	NA	22483	123	1210675	12413	25	14321	41	35	78	3673	38	5
NA	NA	10843	NA	26880	91	1218487	14234	29	8930	11	55	72	2683	22	2
NA	NA	12494	NA	21499	91	1217507	12606	20	10685	31	38	46	2759	23	2
NA	NA	11545	NA	23417	115	1213881	12639	31	12095	35	47	53	3581	29	1
NA	NA	11548	NA	22218	158	1208317	11392	39	17595	55	38	70	4630	77	5
NA	NA	13559	NA	20444	139	1218410	11242	25	11906	26	28	48	2949	23	1
NA	NA	11575	NA	23775	128	1215991	12875	39	13620	33	34	76	3010	32	0
NA	NA	13256	NA	21624	99	1219593	12844	20	8731	17	39	44	2010	16	0
NA	NA	11768	NA	22073	126	1216813	13422	47	11127	30	26	54	2605	20	0
NA	NA	10774	NA	25946	117	1215455	13785	43	11581	28	55	78	3265	23	2
NA	NA	12578	NA	22574	69	1218505	12737	19	9051	14	27	60	2678	22	1
NA	NA	11010	NA	22080	168	1211849	12733	44	15333	47	39	78	3838	40	1
NA	NA	10007	NA	23848	144	1208658	12588	45	16184	44	36	70	5155	59	10
NA	NA	10293	NA	25424	83	1217640	15388	39	8964	14	70	42	2379	17	1
NA	NA	13336	NA	17598	86	1215001	10537	18	13498	40	16	34	3818	42	5
NA	NA	10737	NA	25404	123	1212306	13415	47	13406	33	50	75	3614	39	1
NA	NA	11521	NA	22127	125	1214080	12843	29	13060	37	31	71	3382	38	2
NA	NA	12842	NA	24073	71	1223842	13572	17	5805	6	52	37	1617	11	1
NA	NA	11079	NA	22584	113	1216786	13931	29	11595	24	34	72	2753	20	2
NA	NA	11352	NA	22027	97	1214201	13022	22	11681	30	36	64	3510	40	1
NA	NA	11493	NA	22877	123	1214870	13343	34	11985	22	47	67	2995	35	0
NA	NA	12358	NA	21511	107	1216561	12402	23	10986	20	43	58	3116	19	3
NA	NA	11341	NA	22517	81	1213984	12021	23	12657	29	24	59	4313	46	4
NA	NA	11321	NA	21507	147	1210541	11950	27	15081	39	30	63	4450	40	6
NA	NA	10314	NA	24460	136	1212228	14088	41	13964	28	55	83	3353	47	1
NA	NA	12687	NA	19604	73	1218847	12225	23	10075	19	23	43	2876	26	0
NA	NA	10918	NA	23909	113	1209713	12644	31	15091	33	45	69	4178	47	9
NA	NA	11192	NA	21069	97	1211239	12113	18	14121	40	34	64	4504	35	8
NA	NA	11716	NA	24200	136	1214931	12780	30	11401	31	39	58	3149	26	0
NA	NA	11602	NA	22712	125	1213726	12486	37	13258	38	39	65	3686	39	2
NA	NA	11013	NA	25271	126	1214194	13132	31	12101	29	62	59	3673	34	5
NA	NA	12548	NA	22685	110	1216118	12321	33	12298	27	31	61	2971	28	3
NA	NA	10017	NA	24164	141	1208342	13443	36	14744	35	42	76	4157	57	6
NA	NA	11635	NA	22413	121	1216603	13226	31	12277	27	25	71	2766	23	1
NA	NA	13602	NA	18661	67	1217238	10332	16	11442	28	19	40	3828	31	4
NA	NA	9929	NA	26000	124	1211859	14448	46	13542	35	64	88	3167	35	2
NA	NA	10390	NA	25213	102	1213708	14659	43	11746	30	46	77	2707	36	1
NA	NA	11692	NA	23466	96	1214815	12476	21	11062	24	50	54	3611	23	5
NA	NA	10742	NA	22940	113	1216507	14033	35	10814	24	45	57	3020	25	2
NA	NA	12459	NA	20506	88	1214642	11787	24	11499	32	19	43	3547	27	2
NA	NA	12333	NA	19006	106	1208087	10020	21	17077	66	19	66	5286	59	9
NA	NA	11283	NA	20457	124	1209658	12328	37	14855	46	27	74	3904	40	4
NA	NA	11668	NA	28110	93	1220335	14199	17	8414	11	53	61	2062	16	1
NA	NA	12440	NA	20422	114	1216308	12043	18	11444	26	32	45	3402	27	2
NA	NA	10761	NA	24891	73	1213698	13744	37	10592	13	41	72	3554	34	3
NA	NA	11211	NA	21889	127	1211803	12976	26	13815	33	41	54	3618	51	2
NA	NA	11479	NA	19750	100	1211487	12344	22	14654	51	27	73	4066	36	2
NA	NA	12000	NA	19399	105	1215890	12242	18	11257	36	25	46	3676	34	4
NA	NA	11228	NA	22179	135	1209426	12279	46	15584	44	25	71	4233	43	7
NA	NA	11226	NA	22162	153	1212431	12755	41	14692	46	26	74	3719	50	1
NA	NA	11312	NA	22401	102	1216434	13315	26	11217	33	39	54	3180	29	1
NA	NA	10912	NA	23532	88	1214421	13145	30	11461	23	47	58	3788	25	7
NA	NA	10824	NA	23123	138	1211072	12859	44	14911	29	45	74	3954	51	7
NA	NA	10813	NA	22922	102	1214988	13637	40	11570	20	42	56	3360	33	2
NA	NA	10794	NA	23031	114	1211280	12686	32	14997	38	41	81	4297	47	5
NA	NA	11998	NA	20737	102	1215641	12010	25	12023	33	22	47	3903	24	3
NA	NA	11616	NA	24382	100	1214362	12415	13	11831	41	54	64	3667	29	7
NA	NA	11487	NA	22751	115	1214506	13138	36	12211	32	37	69	3211	28	1
NA	NA	11034	NA	22659	121	1211306	12239	27	14380	40	37	68	4349	33	7
NA	NA	11805	NA	22332	91	1214630	11944	23	11662	26	32	55	4112	28	6
NA	NA	11342	NA	23714	120	1214631	13604	29	12721	30	47	83	2860	29	2
NA	NA	12773	NA	22082	103	1217423	12048	22	10500	31	35	52	2841	22	2
NA	NA	10207	NA	24530	108	1212412	13910	36	12172	27	45	71	3631	39	3
NA	NA	11483	NA	25858	147	1215208	13305	43	12877	29	54	75	3111	37	1
NA	NA	10828	NA	24490	136	1210983	12597	29	14288	42	57	74	4181	42	4
NA	NA	11676	NA	18965	94	1212998	12226	27	13625	34	25	53	3992	39	6
NA	NA	12999	NA	21348	125	1216518	11460	26	12254	32	43	55	3379	20	3
NA	NA	10709	NA	22906	95	1216039	14252	31	9966	21	39	48	2822	31	1
NA	NA	11804	NA	24023	86	1218762	13489	22	9531	15	39	62	2434	17	0
NA	NA	11632	NA	20546	136	1213579	12603	33	13155	31	36	53	3561	37	4
NA	NA	12667	NA	21409	108	1218964	12240	22	10816	25	28	45	2980	25	3
NA	NA	9990	NA	24898	103	1212294	14126	37	12536	27	58	63	3605	40	1
NA	NA	12661	NA	20231	105	1214547	11451	35	13319	34	24	53	3800	40	5
NA	NA	10710	NA	25125	100	1214936	14209	39	11564	28	55	72	2846	29	2
NA	NA	11420	NA	22344	110	1212342	12519	30	13647	42	38	67	3868	29	5
NA	NA	10750	NA	22501	137	1210054	12654	49	14664	41	32	67	4312	54	4
NA	NA	12052	NA	19482	137	1211678	12170	46	15373	43	21	69	3473	39	3
NA	NA	10660	NA	23037	150	1214829	13825	36	12719	21	46	78	3123	29	4
NA	NA	13176	NA	19416	122	1215960	10602	17	13677	42	29	45	3824	37	3
NA	NA	11370	NA	19980	80	1214691	12787	20	12131	26	19	55	3794	32	3
NA	NA	11006	NA	22426	161	1209728	13415	52	15653	40	41	88	3212	50	4
NA	NA	12360	NA	21497	114	1214379	11856	25	11640	32	38	47	3547	28	1
NA	NA	12187	NA	21538	73	1214223	12497	17	11703	29	33	49	3325	29	5
NA	NA	11002	NA	21999	148	1210911	12301	32	14779	38	43	67	4410	58	2
NA	NA	11251	NA	20655	78	1215698	13477	23	11090	21	26	59	3200	29	2
NA	NA	11320	NA	21266	54	1216166	13010	25	11599	25	25	60	3458	42	3
NA	NA	11728	NA	22058	118	1213985	12127	35	13603	33	42	64	3706	37	3
NA	NA	10297	NA	21527	130	1211268	13218	34	14105	30	36	70	4071	40	5
NA	NA	11711	NA	23640	115	1213376	12433	14	12991	40	34	60	3628	45	1
NA	NA	12144	NA	23378	117	1214204	11757	31	13372	43	39	56	3895	35	0
NA	NA	11068	NA	23950	136	1215619	13747	40	11596	23	40	68	3040	24	1
NA	NA	11867	NA	21321	87	1215665	12547	15	11071	17	20	57	3568	32	4
NA	NA	10734	NA	26060	112	1217374	14626	30	9683	16	53	52	2574	17	0
NA	NA	12504	NA	22339	102	1218943	12758	19	9662	24	48	52	2611	22	0
NA	NA	12070	NA	20272	128	1214790	11866	29	12897	30	25	48	3889	31	4
NA	NA	11241	NA	22903	120	1212386	13412	42	14075	29	32	82	3146	43	0
NA	NA	11097	NA	22395	68	1217126	14024	30	10013	20	31	52	2659	25	2
NA	NA	10097	NA	24880	137	1212288	14325	47	13646	34	54	93	3345	33	3
NA	NA	12537	NA	19713	124	1216063	12382	38	12948	37	13	44	2921	32	0
NA	NA	11144	NA	23036	82	1214633	13124	25	11109	20	36	53	3516	36	2
NA	NA	12076	NA	21029	136	1213281	11638	33	13999	33	39	62	4008	43	3
NA	NA	11728	NA	23031	103	1217640	13423	20	9835	14	35	59	2710	14	3
NA	NA	11073	NA	22143	121	1211304	12486	38	14894	36	35	71	4211	46	6
NA	NA	11734	NA	22106	80	1215833	12467	21	11445	22	26	54	3748	22	6
NA	NA	11920	NA	26113	127	1216840	12661	22	10931	31	65	63	3012	27	1
NA	NA	11868	NA	21912	108	1213464	12370	33	13010	42	41	68	3620	36	3
NA	NA	10510	NA	23506	102	1213488	14227	30	11984	18	36	74	2958	35	6
NA	NA	10644	NA	22948	141	1209648	12886	39	15474	44	33	83	4226	59	6
NA	NA	12231	NA	21949	121	1212622	11453	32	14263	44	28	58	3991	38	4
NA	NA	11150	NA	21734	124	1213503	12777	35	14082	29	37	74	3811	44	3
NA	NA	10601	NA	26680	159	1209010	12645	38	16479	39	55	98	4386	53	9
NA	NA	11652	NA	22784	69	1218311	13538	21	8917	13	34	57	2767	27	0
NA	NA	11882	NA	22176	137	1215739	13151	38	12540	31	36	64	2651	23	1
NA	NA	13118	NA	21153	149	1215520	11043	28	13632	39	38	52	3729	27	3
NA	NA	12845	NA	20489	106	1214749	11030	22	12705	27	31	42	3771	34	1
NA	NA	12281	NA	21443	116	1213325	11546	16	13784	45	27	57	4002	43	5
NA	NA	11613	NA	20922	126	1211989	12336	25	14433	43	36	68	3908	44	3
NA	NA	11853	NA	23490	123	1212865	12328	35	14350	49	38	78	3589	44	1
NA	NA	10984	NA	21424	158	1209237	12082	40	17249	48	35	86	4437	44	10
NA	NA	11865	NA	23025	126	1212665	12779	42	14156	44	40	59	3260	38	5
NA	NA	8798	NA	24442	130	1208086	15117	54	16229	59	30	105	3455	52	4
NA	NA	12564	NA	19052	94	1213752	11180	26	13879	28	25	55	4080	37	7
NA	NA	10978	NA	21273	150	1210870	12686	40	14267	37	26	58	3942	48	8
NA	NA	11819	NA	23251	112	1217386	12944	24	10579	22	48	58	2865	21	2
NA	NA	10800	NA	23784	163	1210161	13214	26	16186	56	50	93	3515	46	2
NA	NA	10474	NA	23411	135	1208032	12292	29	16437	44	44	98	4643	58	5
NA	NA	11208	NA	25162	114	1212895	12826	34	13059	36	53	67	3738	40	5
NA	NA	9154	NA	26687	142	1208075	14242	55	15830	42	63	102	4323	64	4
NA	NA	12330	NA	21242	77	1219589	13000	21	9549	20	41	43	2580	21	0
NA	NA	12640	NA	22333	100	1216277	11604	23	10948	26	26	52	3450	30	3
NA	NA	11807	NA	23266	99	1217886	13416	40	9988	12	45	62	2582	28	0
NA	NA	11644	NA	21683	147	1213558	12230	30	14566	42	42	73	3823	45	5
NA	NA	11165	NA	21817	111	1211883	13082	34	13517	42	25	75	3502	40	2
NA	NA	10784	NA	24539	125	1214306	13907	34	12445	32	43	94	2858	41	1
NA	NA	11571	NA	25462	104	1215501	12016	30	10836	25	52	52	4204	29	5
NA	NA	12403	NA	22730	134	1216157	12182	26	12441	27	33	51	3460	31	7
NA	NA	10678	NA	22020	145	1212502	13423	48	14797	53	45	67	3552	48	1
NA	NA	9819	NA	21158	95	1211312	13934	48	14582	41	34	81	3883	47	3
NA	NA	12422	NA	22619	79	1218342	12365	15	9783	23	42	40	3126	21	1
NA	NA	11346	NA	23488	86	1215409	13690	33	10861	24	41	54	2801	31	0
NA	NA	11632	NA	21171	108	1211911	11872	32	14113	49	32	72	4151	42	6
NA	NA	10221	NA	24808	89	1213021	14287	36	12287	23	61	69	3175	37	1
NA	NA	12650	NA	21592	108	1217818	11856	11	11017	23	31	36	3336	30	2
NA	NA	12049	NA	21822	137	1217313	12787	43	11582	33	37	49	2816	33	5
NA	NA	11827	NA	24291	122	1217824	12787	27	10587	22	48	52	3240	21	0
NA	NA	11363	NA	22243	112	1212509	12875	30	14075	34	31	66	3429	40	2
NA	NA	11514	NA	20701	91	1213551	12780	22	12470	20	30	67	3366	36	3
NA	NA	11667	NA	20416	154	1208820	11758	37	16581	56	24	73	4247	47	4
NA	NA	11297	NA	24188	140	1211730	12606	47	14443	42	46	64	3832	40	4
NA	NA	11377	NA	22026	116	1213922	13279	31	12727	36	35	53	3017	28	1
NA	NA	12358	NA	19990	104	1217196	12212	49	11905	32	36	47	3251	33	3
NA	NA	11239	NA	22266	97	1215514	13520	29	10773	28	41	56	3116	27	4
NA	NA	12565	NA	20223	132	1214347	11371	30	14216	43	22	60	3664	35	1
NA	NA	10978	NA	21741	117	1212785	12362	27	13327	30	37	47	4383	42	6
NA	NA	12256	NA	20211	120	1214403	11675	28	12927	33	28	49	3824	39	1
NA	NA	10427	NA	24700	102	1212316	13614	32	12792	29	53	83	3698	45	0
NA	NA	11498	NA	23402	99	1214740	12551	32	12431	30	39	63	3817	29	7
NA	NA	10230	NA	24061	140	1207964	13293	44	16281	40	45	102	4105	60	2
NA	NA	11149	NA	20457	95	1212046	12827	38	13485	39	35	69	4050	44	2
NA	NA	10983	NA	20006	154	1207834	11717	38	17394	66	29	65	4760	55	8
NA	NA	11908	NA	22815	119	1219333	13496	30	10290	18	43	56	2343	18	2
NA	NA	11369	NA	23626	92	1215539	13050	31	12214	28	43	72	3315	31	3
NA	NA	10086	NA	25683	112	1214829	14487	38	11647	26	61	98	3197	27	4
NA	NA	11657	NA	20264	64	1211904	11893	16	12780	38	24	52	4134	43	6
NA	NA	12168	NA	19928	137	1211536	11672	30	15354	46	26	78	3927	42	7
NA	NA	12850	NA	18222	112	1212458	10493	28	14898	43	13	39	4516	49	4
NA	NA	11747	NA	21582	119	1212145	11813	23	14689	47	37	70	4230	52	4
NA	NA	11423	NA	22086	130	1213805	12907	35	12528	34	38	61	3465	23	3
NA	NA	10838	NA	23981	83	1215363	13676	28	10949	16	38	64	3339	34	1
NA	NA	11905	NA	22969	116	1213087	12350	24	13871	42	42	70	3491	47	0
NA	NA	13043	NA	21560	124	1217579	11787	32	11652	29	31	48	3072	20	3
NA	NA	12176	NA	23019	99	1220886	13714	29	8031	15	46	37	2089	15	0
NA	NA	12162	NA	23973	125	1217890	12703	22	10710	20	42	68	2997	20	5
NA	NA	11509	NA	25551	115	1217226	13452	31	10293	14	48	73	2919	34	4
NA	NA	11931	NA	21369	99	1216435	12708	27	11184	27	33	61	3162	33	2
NA	NA	10650	NA	23793	134	1211676	13577	54	13691	35	37	64	3457	36	2
NA	NA	11780	NA	21227	151	1211879	12222	36	14892	44	25	70	3747	37	4
NA	NA	11992	NA	21039	80	1214913	11968	20	12490	35	28	55	3661	37	4
NA	NA	12070	NA	21682	150	1211793	11863	34	14678	37	47	65	3836	35	4
NA	NA	11146	NA	25176	96	1217136	14078	32	10219	15	55	56	2644	17	4
NA	NA	11935	NA	21671	137	1213492	12121	28	14216	35	33	71	3530	34	4
NA	NA	12136	NA	23637	84	1217516	12101	19	10155	23	33	56	3736	26	3
NA	NA	11720	NA	21313	121	1213581	12155	38	13861	22	33	59	3682	42	4
NA	NA	11144	NA	24163	102	1212357	13225	21	12817	32	51	64	3557	33	4
NA	NA	11449	NA	22394	134	1212714	12648	36	14622	48	21	65	3641	50	2
NA	NA	11215	NA	22419	159	1208022	11948	30	16332	55	38	58	4561	58	3
NA	NA	10250	NA	23488	107	1212764	13802	35	12694	28	23	69	3759	37	1
NA	NA	11093	NA	22827	94	1215221	13637	26	10606	28	40	59	3151	23	0
NA	NA	11840	NA	20780	173	1209297	11493	30	17231	56	24	66	4278	55	6
NA	NA	11716	NA	23573	106	1218110	13322	28	10483	24	48	52	2805	27	1
NA	NA	12184	NA	23260	131	1216740	13263	35	11575	28	38	54	2599	19	0
NA	NA	11463	NA	24138	113	1214118	12764	34	11590	21	49	63	3573	32	3
