NA	NA	16207	NA	40169	253	1885488	26268	121	31405	122	120	256	10396	162	18
NA	NA	16995	NA	41167	193	1897459	28937	90	20411	50	130	184	7986	74	13
NA	NA	19881	NA	35241	243	1889444	23872	74	27826	97	62	157	9303	145	12
NA	NA	18657	NA	34920	257	1890593	25556	88	27112	94	72	175	8929	131	12
NA	NA	19228	NA	35280	298	1890634	24652	99	29406	108	65	152	9154	132	13
NA	NA	17533	NA	39133	229	1892398	27522	104	24166	64	88	186	8349	100	12
NA	NA	18056	NA	36092	245	1889793	25381	75	25252	77	87	153	9571	120	19
NA	NA	18188	NA	35305	202	1891132	25814	95	26057	76	62	157	9345	130	15
NA	NA	19445	NA	37142	251	1894413	25508	85	24030	76	84	158	8393	97	8
NA	NA	19447	NA	35731	249	1894002	25461	69	25239	86	68	178	8189	98	13
NA	NA	21398	NA	32178	250	1895647	23307	76	24926	95	40	128	8628	109	9
NA	NA	18066	NA	36720	244	1895481	26259	87	23865	71	74	140	8865	99	10
NA	NA	18527	NA	34268	290	1886192	24133	91	29959	121	58	175	10421	149	17
NA	NA	17104	NA	38117	223	1892786	28267	104	23801	64	94	179	7949	117	7
NA	NA	19067	NA	37673	174	1902951	27781	55	18583	44	98	130	6774	65	7
NA	NA	17240	NA	35081	266	1881047	24035	68	32972	142	73	203	11499	209	16
NA	NA	17148	NA	36213	251	1887365	26215	106	27423	94	81	171	9717	148	18
NA	NA	15998	NA	40694	240	1887367	27633	92	27114	82	120	196	9519	135	14
NA	NA	19249	NA	40516	214	1900832	27786	77	20378	49	107	154	6512	73	3
NA	NA	20529	NA	36731	288	1899700	26261	86	21756	61	76	163	6569	59	7
NA	NA	20778	NA	39251	233	1896315	23921	61	24052	95	74	147	8515	100	10
NA	NA	18709	NA	39837	244	1893946	26406	70	23935	77	90	206	8008	104	5
NA	NA	15840	NA	36159	223	1884469	26181	92	30345	108	87	188	11000	174	29
NA	NA	16831	NA	39227	219	1887104	27167	108	26816	97	95	178	9144	132	14
NA	NA	17304	NA	42238	231	1897512	28732	95	21278	50	116	189	7239	70	6
NA	NA	16207	NA	38443	282	1885095	26915	103	29493	101	105	220	9897	151	17
NA	NA	18301	NA	35487	219	1889428	24674	79	28394	84	69	165	10375	160	19
NA	NA	17575	NA	38311	269	1888761	26811	100	25936	74	83	157	8940	123	9
NA	NA	18125	NA	38511	299	1887550	25106	101	29191	105	93	220	9826	127	17
NA	NA	19480	NA	35219	307	1893788	25834	82	25621	67	61	177	7800	112	6
NA	NA	20012	NA	38127	280	1896029	24760	77	24292	89	89	155	8424	99	11
NA	NA	17246	NA	34880	205	1887730	26030	87	28048	117	67	156	9610	171	19
NA	NA	17407	NA	33933	237	1877681	22732	74	35154	140	61	202	12760	220	43
NA	NA	17472	NA	40138	254	1886035	25743	105	29426	99	88	207	9982	160	12
NA	NA	19095	NA	35797	228	1895822	25988	77	22918	82	86	149	8231	100	6
NA	NA	19513	NA	32760	277	1887760	23555	85	29186	114	43	166	10222	136	19
NA	NA	18454	NA	37247	286	1890389	25458	91	28221	106	77	183	9144	132	12
NA	NA	17214	NA	39710	219	1893289	27733	76	24378	72	102	186	8315	116	8
NA	NA	19717	NA	33198	324	1887905	23675	94	29294	114	50	149	9770	128	15
NA	NA	18084	NA	40224	210	1898068	27480	86	21666	57	115	163	7821	97	2
NA	NA	18355	NA	38339	216	1897264	27960	93	22190	70	95	155	7137	99	9
NA	NA	19652	NA	40618	196	1897121	25387	60	22320	71	94	164	8379	99	15
NA	NA	18387	NA	37123	230	1891453	25102	59	25287	69	87	161	9755	127	26
NA	NA	19302	NA	34000	233	1891748	24403	92	27026	94	54	145	9454	125	14
NA	NA	16957	NA	35707	288	1880686	23959	98	32400	121	64	195	12018	184	23
NA	NA	17254	NA	38497	207	1891612	26957	71	24454	68	79	171	9176	126	11
NA	NA	18316	NA	36458	229	1901236	28420	63	19674	47	75	130	6735	73	11
NA	NA	18608	NA	35011	281	1893221	26387	111	26459	91	76	176	8107	107	7
NA	NA	16647	NA	36561	268	1883316	25697	104	30494	112	79	199	10581	170	14
NA	NA	17456	NA	34561	240	1888946	26096	90	27847	107	63	185	9342	117	17
NA	NA	16677	NA	38372	282	1887519	26720	93	28298	84	84	210	9720	137	18
NA	NA	17577	NA	40806	222	1893538	27004	69	23868	70	118	190	8963	109	12
NA	NA	18199	NA	39276	260	1887608	24521	74	28893	101	110	186	10318	155	20
NA	NA	19550	NA	32542	296	1885559	23152	85	30469	125	38	148	10383	146	26
NA	NA	17884	NA	37580	307	1883429	23507	99	31033	106	93	185	11435	163	35
NA	NA	17197	NA	34899	225	1884615	24389	75	28523	88	59	162	11494	164	22
NA	NA	17528	NA	39859	217	1894662	27803	76	23033	66	100	195	8157	96	5
NA	NA	17445	NA	39337	266	1890771	27176	100	27280	102	113	197	8730	113	16
NA	NA	19143	NA	36490	282	1896649	26362	92	23558	69	80	155	7643	83	12
NA	NA	20162	NA	39775	205	1900966	25887	60	19947	53	103	149	7496	78	11
NA	NA	18653	NA	36510	332	1885443	24559	107	31660	128	88	216	9640	149	16
NA	NA	20928	NA	36267	192	1903018	25798	79	19466	47	89	119	6791	61	7
NA	NA	18053	NA	37284	184	1897032	27614	80	22236	68	87	162	7589	85	8
NA	NA	16048	NA	36183	229	1881557	26182	93	30495	116	86	199	10946	183	20
NA	NA	16383	NA	38340	193	1894863	28755	93	22585	64	91	194	8031	93	10
NA	NA	19623	NA	33909	216	1893692	24938	81	24504	75	70	153	8885	110	11
NA	NA	21230	NA	35725	242	1899857	24845	67	21827	69	70	124	7211	84	6
NA	NA	18468	NA	36627	261	1892654	25589	80	26202	96	76	161	8992	132	13
NA	NA	17841	NA	39216	178	1899373	27890	61	20219	56	91	177	7758	86	8
NA	NA	18603	NA	41607	228	1899206	28198	81	20764	48	115	156	6592	88	6
NA	NA	17276	NA	36525	260	1884615	24941	89	30202	105	74	194	10878	160	22
NA	NA	19368	NA	37757	202	1900134	26289	61	20413	54	88	128	7741	81	6
NA	NA	18902	NA	38244	244	1897417	27077	90	23231	73	85	176	7076	98	8
NA	NA	17735	NA	39902	302	1889075	25569	114	27280	102	92	192	9806	123	19
NA	NA	19141	NA	37565	263	1890703	24735	76	27042	104	99	182	9362	112	12
NA	NA	19736	NA	37376	228	1894495	24723	69	23381	80	99	151	9031	84	13
NA	NA	17858	NA	34584	233	1890424	25779	102	26891	105	85	168	9498	118	12
NA	NA	16168	NA	40250	266	1892768	29360	105	24177	54	110	181	7765	120	9
NA	NA	20081	NA	38537	236	1894205	24312	58	24072	73	95	155	9118	108	14
NA	NA	18756	NA	35663	253	1891702	26094	100	26765	90	65	183	8530	113	10
NA	NA	19232	NA	30494	259	1883823	21881	69	32044	150	56	150	11990	154	31
NA	NA	18682	NA	38265	265	1897616	28247	103	22620	70	95	187	6534	74	3
NA	NA	19799	NA	36550	253	1897596	25743	84	24110	74	83	142	7567	95	10
NA	NA	19607	NA	37347	230	1897508	26259	96	23374	82	83	177	7267	74	6
NA	NA	16838	NA	37273	218	1892895	28304	85	25302	75	88	208	7897	110	9
NA	NA	17615	NA	36386	228	1888786	26119	70	27526	97	81	187	9787	127	20
NA	NA	18784	NA	30980	207	1885002	22761	68	30594	133	48	150	11421	144	27
NA	NA	19549	NA	34822	282	1890429	25189	96	28407	94	58	166	8553	111	18
NA	NA	19115	NA	39932	270	1893723	25340	81	24147	71	97	181	8740	101	12
NA	NA	18061	NA	37470	241	1889116	25961	75	26544	86	86	176	9454	141	14
NA	NA	18415	NA	35163	214	1887944	25051	76	26973	101	61	162	9855	128	15
NA	NA	19421	NA	35972	225	1896836	26218	78	24013	72	84	168	7585	89	6
NA	NA	18248	NA	35405	228	1888446	25185	75	27607	92	81	157	9583	138	15
NA	NA	17460	NA	37984	219	1892684	27870	105	23724	69	105	182	8047	108	13
NA	NA	18480	NA	37148	199	1896178	26778	79	22167	61	89	161	8088	88	11
NA	NA	20868	NA	32631	215	1896002	24207	74	24839	88	70	127	8286	101	8
NA	NA	16985	NA	37542	197	1890292	26560	94	25605	87	91	152	9623	123	13
NA	NA	19408	NA	33819	265	1890400	24781	97	27299	93	75	158	9153	130	14
NA	NA	18823	NA	39045	175	1899434	26528	45	19641	57	99	145	8223	76	10
NA	NA	18067	NA	35585	294	1884111	24483	95	30353	113	73	164	10368	160	22
NA	NA	18120	NA	39520	256	1892552	27321	83	25999	75	105	178	7567	108	11
NA	NA	17388	NA	40080	207	1896770	28013	80	21312	49	106	159	8010	97	9
NA	NA	16355	NA	35449	267	1879710	24835	111	32220	104	74	182	11869	186	29
NA	NA	19165	NA	35437	294	1887220	24430	80	29118	118	66	186	9733	126	18
NA	NA	17924	NA	39180	148	1899927	28849	61	17566	44	87	133	6869	64	5
NA	NA	17465	NA	38115	261	1888711	26512	126	28782	100	91	194	9037	143	8
NA	NA	19828	NA	33957	243	1893302	24516	60	25904	99	69	160	8995	114	17
NA	NA	18593	NA	38260	262	1894715	26357	91	24678	69	85	177	8387	107	7
NA	NA	16956	NA	38875	252	1896457	29094	99	22957	62	102	187	7453	99	5
NA	NA	20817	NA	33781	244	1896755	24755	76	25129	90	64	140	7792	103	12
NA	NA	20393	NA	34339	266	1892158	22658	62	28281	103	61	162	9980	126	27
NA	NA	19949	NA	36903	291	1895315	24948	98	25774	95	87	167	8089	102	6
NA	NA	18515	NA	36940	286	1886337	24552	91	30539	111	99	176	10043	145	20
NA	NA	18922	NA	35335	215	1893729	26158	88	25566	64	76	183	8084	139	13
NA	NA	19781	NA	37310	257	1894288	24492	89	25337	100	94	167	9146	105	15
NA	NA	17358	NA	36500	219	1891328	27342	89	26275	82	98	192	8878	118	15
NA	NA	17986	NA	36945	297	1887627	25940	119	29363	107	91	179	9067	119	18
NA	NA	19595	NA	37333	193	1897713	26173	66	22662	63	87	143	7595	103	5
NA	NA	18852	NA	38884	256	1895728	26865	98	24775	84	89	173	7666	95	7
NA	NA	18593	NA	37655	306	1886270	24680	84	30990	121	63	166	10022	156	18
NA	NA	17392	NA	38011	281	1889582	27291	101	26532	79	93	191	8611	119	14
NA	NA	19505	NA	33011	308	1888197	24638	86	29382	120	68	159	8910	130	13
NA	NA	20250	NA	35127	283	1893284	23793	97	25888	92	73	161	9238	120	8
NA	NA	17127	NA	37327	168	1891490	27345	77	25127	77	73	201	8829	109	10
NA	NA	19573	NA	38984	185	1902378	28126	81	18346	39	89	134	6032	65	2
NA	NA	18673	NA	39185	268	1889161	24874	64	27159	102	95	205	9470	137	12
NA	NA	19896	NA	32172	273	1887597	22080	72	29856	121	56	149	11212	129	29
NA	NA	19430	NA	34849	244	1894294	25059	92	25776	75	64	168	8764	99	12
NA	NA	15966	NA	39917	240	1890213	28705	99	25084	56	121	188	8606	134	10
NA	NA	18591	NA	37407	261	1887682	24343	95	27707	84	86	180	10332	127	24
NA	NA	18065	NA	36719	256	1892438	27181	96	24649	82	89	171	7787	96	10
NA	NA	18791	NA	33602	283	1885011	24083	86	30719	132	61	174	10332	130	22
NA	NA	18580	NA	37787	259	1890447	25288	95	26721	86	82	175	9449	123	14
NA	NA	17178	NA	36862	281	1888649	27178	114	26916	86	64	206	8587	110	18
NA	NA	16910	NA	38918	266	1885882	26793	89	28677	97	112	191	9389	143	18
NA	NA	16924	NA	36267	225	1887097	26591	91	26817	93	64	188	9742	135	17
NA	NA	19771	NA	33134	213	1890921	23765	92	27920	110	49	174	9769	126	17
NA	NA	20820	NA	36730	239	1897189	24606	74	22564	91	85	153	7903	78	3
NA	NA	18978	NA	35445	199	1896931	25987	77	23190	66	68	144	8298	110	12
NA	NA	17843	NA	38944	201	1897032	27786	77	21992	55	78	172	7678	82	6
NA	NA	18990	NA	37500	203	1894651	26104	69	23669	72	81	162	8291	96	18
NA	NA	17132	NA	38900	205	1892400	27428	92	23758	61	103	174	8699	119	6
NA	NA	18127	NA	37828	264	1892993	26718	84	25128	81	76	193	8407	100	12
NA	NA	18603	NA	37286	294	1885839	24275	81	29603	117	96	176	10163	125	18
NA	NA	20147	NA	34104	252	1897087	24279	77	23823	80	54	151	8910	90	7
NA	NA	17116	NA	37502	231	1891555	27587	80	25021	67	80	186	8465	119	10
NA	NA	16881	NA	38418	240	1889275	27332	107	27061	90	93	204	8869	117	13
NA	NA	18415	NA	39392	181	1901633	27984	65	19111	35	114	144	7009	77	8
NA	NA	20068	NA	36903	240	1900898	26695	81	20958	51	78	156	6724	87	7
NA	NA	19456	NA	31800	283	1886845	23407	95	30556	138	50	164	10387	142	15
NA	NA	18564	NA	39341	263	1893894	26436	82	24527	80	107	190	8184	111	9
NA	NA	17262	NA	40988	214	1891425	27264	76	24712	71	91	211	8536	119	11
NA	NA	18210	NA	38254	263	1888613	25220	100	28505	99	78	185	9754	139	16
NA	NA	17833	NA	34472	232	1885658	24484	72	28836	97	71	170	10850	155	26
NA	NA	18097	NA	35909	292	1889779	25788	85	27640	85	61	188	9348	124	15
NA	NA	18215	NA	33694	227	1889893	25793	107	28371	92	56	167	9458	147	20
NA	NA	18411	NA	37568	190	1897110	27002	79	22241	56	78	166	7788	91	5
NA	NA	18732	NA	36047	285	1890332	25278	80	27377	103	65	165	9135	119	17
NA	NA	18147	NA	37776	255	1889808	25263	96	26981	83	85	172	9914	143	13
NA	NA	20101	NA	32860	291	1892358	24708	80	26671	121	59	138	8536	109	12
NA	NA	18553	NA	34779	292	1890385	25351	101	27871	110	59	172	9248	113	17
NA	NA	18811	NA	36730	201	1897648	26896	75	22141	68	95	160	7710	75	6
NA	NA	19211	NA	35913	250	1894916	25733	81	24949	79	68	160	8247	108	9
NA	NA	18573	NA	38269	219	1894259	26611	70	23114	55	91	163	7997	111	7
NA	NA	20315	NA	35346	279	1895519	25822	95	25802	90	53	168	7443	89	13
NA	NA	19610	NA	34788	197	1900162	26501	60	20784	61	73	141	7496	87	3
NA	NA	18181	NA	36915	279	1885479	25344	113	29937	121	67	198	9705	140	16
NA	NA	20730	NA	33926	173	1898306	24780	44	22015	74	56	114	8121	100	11
NA	NA	18176	NA	38982	224	1894337	26470	90	23755	70	97	167	8685	97	13
NA	NA	19903	NA	36915	267	1895949	25315	76	24751	75	78	150	7878	105	8
NA	NA	18703	NA	38611	235	1894174	26526	92	23158	82	93	167	8388	89	7
NA	NA	20435	NA	35967	143	1902331	26338	57	18342	51	68	112	7152	82	1
NA	NA	20643	NA	34388	259	1893854	23631	60	25114	93	74	130	8880	100	14
NA	NA	19125	NA	33692	224	1891909	24257	65	27438	96	65	137	9991	132	21
NA	NA	18654	NA	34480	238	1890241	25342	86	26089	85	59	157	9045	121	14
NA	NA	17832	NA	36382	240	1890159	27151	107	27129	101	80	179	8281	115	11
NA	NA	16792	NA	39284	205	1893364	28396	88	22975	59	98	173	8058	92	9
NA	NA	16798	NA	40947	234	1892856	28129	94	23678	54	106	180	8122	116	13
NA	NA	20800	NA	33302	255	1892853	23302	80	26938	91	52	122	9153	117	13
NA	NA	17903	NA	37889	270	1889808	26464	101	25875	87	80	145	8907	117	13
NA	NA	18317	NA	37296	255	1889373	25262	83	26959	90	96	187	9628	119	18
NA	NA	19658	NA	33316	317	1890785	23994	106	28479	105	51	157	9493	128	16
NA	NA	18441	NA	35886	270	1893740	26152	86	24971	77	76	152	8594	122	9
NA	NA	18954	NA	33855	288	1884930	23204	79	31198	126	77	168	10644	154	23
NA	NA	18967	NA	37056	222	1894061	25865	74	23606	81	92	169	8481	92	9
NA	NA	16943	NA	38140	249	1887810	26279	101	27730	78	89	193	9661	141	15
NA	NA	18435	NA	38196	273	1892655	26158	94	25964	96	81	190	8555	115	10
NA	NA	17458	NA	39057	235	1891819	26987	107	24647	71	96	171	8739	118	10
NA	NA	18534	NA	36927	252	1895246	26919	67	24090	78	82	173	8022	111	6
NA	NA	17418	NA	33338	217	1887447	25663	106	28456	109	57	181	9936	131	18
NA	NA	18924	NA	35886	245	1890174	25300	69	26712	77	73	189	9251	129	14
NA	NA	17997	NA	36666	268	1891146	26764	118	26859	75	68	165	8469	113	12
NA	NA	16996	NA	33046	272	1879039	23816	106	33700	127	70	194	12244	199	28
NA	NA	17622	NA	35106	245	1890878	25687	88	26450	92	59	158	9923	111	20
NA	NA	19621	NA	35799	247	1895844	25436	84	23509	78	73	153	8356	92	10
NA	NA	17995	NA	34874	257	1889684	26031	89	25982	77	67	174	8876	116	10
NA	NA	20580	NA	41369	269	1899679	25343	82	22319	62	106	166	7191	76	6
NA	NA	18402	NA	38466	236	1896128	27391	106	23604	75	89	155	7626	108	8
NA	NA	16573	NA	40648	257	1889045	27267	89	26473	68	118	197	9305	141	14
NA	NA	17863	NA	39442	241	1894647	27567	112	23630	56	114	187	7829	91	11
NA	NA	17040	NA	36491	227	1886949	25688	75	28040	94	90	173	10671	148	18
NA	NA	14842	NA	43801	217	1887070	28340	95	26235	71	142	222	10308	147	23
NA	NA	18462	NA	39146	241	1892820	26191	83	25204	77	77	169	8487	121	6
NA	NA	18145	NA	36225	257	1892264	26866	89	25235	83	68	168	8107	105	10
NA	NA	19550	NA	34148	209	1895677	25204	70	22376	80	69	122	8942	87	12
NA	NA	21114	NA	33310	255	1895253	23669	63	26719	92	54	151	8711	110	16
NA	NA	17659	NA	37056	225	1894246	27875	89	23616	64	97	167	7592	82	6
NA	NA	17282	NA	37961	232	1893292	28188	97	24692	80	66	175	7780	105	6
NA	NA	18896	NA	34804	215	1894007	25212	75	24537	75	62	133	9230	114	12
NA	NA	17822	NA	36258	285	1882930	23881	77	31705	124	66	171	11352	179	24
NA	NA	17052	NA	43809	232	1892435	27843	77	23292	78	120	209	8255	104	10
NA	NA	18831	NA	33416	227	1888355	24184	75	27508	85	59	150	10154	153	15
NA	NA	18404	NA	34256	240	1890752	24807	87	27004	100	73	151	10022	121	20
NA	NA	17548	NA	38271	276	1886041	25236	87	29514	109	103	198	10588	136	22
NA	NA	21403	NA	38075	264	1902308	25063	64	20908	65	92	144	7024	73	6
NA	NA	16182	NA	41587	220	1890120	27630	103	25118	79	119	190	9284	116	14
NA	NA	20466	NA	34553	271	1894706	24491	67	25961	97	69	161	8365	102	7
NA	NA	18417	NA	38678	256	1894356	26238	72	25614	78	106	183	8350	123	18
NA	NA	18391	NA	35450	231	1890697	25854	84	24587	84	73	156	8976	106	13
NA	NA	17372	NA	39368	236	1891300	27030	70	24415	70	100	194	9099	126	15
NA	NA	16266	NA	37068	255	1885947	26928	114	28518	98	73	207	9875	154	13
NA	NA	17716	NA	38590	199	1893044	26822	60	24054	66	92	161	8939	115	17
NA	NA	18153	NA	38185	223	1898813	28483	78	20835	51	111	163	6841	70	6
NA	NA	19302	NA	37095	262	1897320	26640	70	22562	67	85	166	7425	88	6
NA	NA	19652	NA	36058	220	1895636	25417	80	24103	86	79	149	8342	97	8
NA	NA	18055	NA	36468	251	1890953	25677	94	26812	88	91	176	9209	123	8
NA	NA	17878	NA	32307	189	1889017	25363	73	26861	88	48	153	10126	128	18
NA	NA	18298	NA	34790	229	1889779	25004	82	26078	79	58	139	9755	119	17
NA	NA	18282	NA	36783	215	1894609	26862	79	23880	67	76	151	8447	110	16
NA	NA	16565	NA	40475	273	1879119	24888	77	33038	141	97	222	11428	175	27
NA	NA	18504	NA	37406	313	1890540	25657	102	26019	86	80	180	9002	122	15
NA	NA	18258	NA	37162	231	1891989	26174	82	25745	94	82	176	8819	136	6
NA	NA	18712	NA	36949	284	1890324	25749	105	27120	89	83	190	8450	112	13
NA	NA	18581	NA	33932	220	1886279	23898	78	29819	119	63	172	10702	157	20
NA	NA	17749	NA	40133	247	1892114	26543	108	24321	70	111	164	9172	125	12
NA	NA	20078	NA	31284	299	1888325	23032	85	31164	123	47	159	10124	157	23
NA	NA	18011	NA	34093	261	1886130	25561	94	30053	130	65	173	9538	149	17
NA	NA	16218	NA	38193	272	1880443	25702	103	31265	118	85	223	11121	183	16
NA	NA	18108	NA	38826	244	1897224	27730	100	23510	56	92	169	7432	94	8
NA	NA	18449	NA	33943	202	1897085	28250	84	22627	50	51	150	6761	83	6
NA	NA	19073	NA	35444	271	1891148	24309	70	26697	72	85	164	9989	132	22
NA	NA	18130	NA	34726	224	1885623	24387	76	29037	101	73	178	10562	145	29
NA	NA	19172	NA	35001	249	1894241	25878	101	24586	75	75	136	8136	86	18
NA	NA	19060	NA	35524	205	1892113	25118	78	24697	87	82	162	9020	97	10
NA	NA	16525	NA	37735	242	1889300	27343	80	26209	84	102	178	9155	150	12
NA	NA	19244	NA	36256	250	1896077	26106	83	24303	80	41	160	8176	115	9
NA	NA	19466	NA	34685	236	1894923	25250	84	25284	89	61	152	8673	100	8
NA	NA	17943	NA	39258	240	1891389	26253	83	25655	77	99	177	9014	135	11
NA	NA	18129	NA	38152	227	1891387	25636	75	24444	61	69	181	9504	114	15
NA	NA	18961	NA	33514	316	1884699	23997	115	33903	167	71	168	10061	163	25
NA	NA	18391	NA	37528	300	1893111	26508	99	25426	72	70	177	8262	107	10
NA	NA	15289	NA	34954	223	1880553	27602	137	32535	118	48	212	10037	170	16
NA	NA	18975	NA	35033	265	1892280	25015	82	24450	76	67	139	9028	105	9
NA	NA	19484	NA	36308	244	1895791	26230	65	24765	72	70	174	7682	92	11
NA	NA	17840	NA	37687	288	1888993	25573	94	27810	86	84	179	9696	151	20
NA	NA	18867	NA	39220	218	1894971	26545	67	22729	76	108	197	8012	94	5
NA	NA	19598	NA	38290	255	1895722	24936	79	23922	68	88	174	8889	105	13
NA	NA	19589	NA	36011	237	1895236	24798	71	23573	74	82	147	8818	109	10
NA	NA	19486	NA	36374	185	1897033	25381	61	21135	59	78	118	8530	99	13
NA	NA	16821	NA	39945	241	1893132	28326	102	24040	62	82	178	8021	98	6
NA	NA	19009	NA	36036	237	1894822	26174	101	23291	69	72	151	8246	96	5
NA	NA	18420	NA	35579	226	1890704	24892	88	26193	93	75	153	9862	125	16
NA	NA	15723	NA	36113	205	1884353	27506	90	29793	102	65	193	9992	181	19
NA	NA	20038	NA	35892	192	1898822	25311	52	21575	73	75	154	8347	93	8
NA	NA	18962	NA	38080	222	1895911	26169	88	24374	87	106	157	7942	98	7
NA	NA	20323	NA	34803	318	1891912	23834	88	29117	123	65	167	9025	124	14
NA	NA	18074	NA	40659	278	1894109	27577	92	24032	62	109	205	7492	108	5
NA	NA	18677	NA	36573	203	1894417	26393	90	23717	86	78	162	8472	94	11
NA	NA	19397	NA	35868	212	1895942	24779	75	24408	84	77	141	9007	110	11
NA	NA	20277	NA	35329	203	1900074	25950	71	21760	51	65	148	7431	86	6
NA	NA	19300	NA	36462	276	1895324	26241	81	25144	72	81	167	7819	115	3
NA	NA	18279	NA	34017	244	1880943	22951	77	32732	139	59	190	11825	178	32
NA	NA	19662	NA	34916	247	1892523	24521	88	25804	87	83	152	9006	92	15
NA	NA	19731	NA	35262	193	1897812	25577	56	21335	57	65	122	8258	85	9
NA	NA	17153	NA	38029	179	1893238	27806	78	23359	69	76	174	8477	106	18
NA	NA	17325	NA	38180	307	1886364	26070	113	29343	100	84	170	9548	171	9
NA	NA	17799	NA	36225	175	1892233	26761	82	24429	80	68	148	8915	118	17
NA	NA	17843	NA	35300	203	1892376	27063	74	23880	63	56	178	8482	101	11
NA	NA	17877	NA	40364	282	1887562	25678	108	29402	100	88	221	9279	129	19
NA	NA	17129	NA	42882	250	1893833	28218	106	23621	57	121	194	7843	115	11
NA	NA	18593	NA	37150	208	1892988	25749	93	24640	84	86	161	8993	100	15
NA	NA	19283	NA	37030	253	1894266	25338	78	24769	92	84	185	8715	95	13
NA	NA	20677	NA	32193	210	1893609	23379	69	25956	109	58	130	9258	110	17
NA	NA	16087	NA	40881	218	1886993	26830	75	26001	77	114	227	10437	144	21
NA	NA	17802	NA	37683	172	1896631	27463	79	22004	72	86	161	8087	84	8
NA	NA	18283	NA	36755	243	1891934	27190	94	25884	82	90	179	7967	129	10
NA	NA	17253	NA	41772	259	1893989	28669	105	22767	58	113	179	7383	94	6
NA	NA	17133	NA	38746	220	1891390	27680	92	25463	86	93	202	8444	115	4
NA	NA	17554	NA	34612	210	1888896	25689	76	27322	89	79	165	9932	152	11
NA	NA	17691	NA	38374	249	1890923	26325	95	26088	86	85	184	9131	124	11
NA	NA	19658	NA	35628	291	1888470	24197	88	27648	100	73	176	9366	122	9
NA	NA	18258	NA	38767	249	1895495	26642	84	22993	62	93	159	8260	110	11
NA	NA	16412	NA	39369	234	1889456	27808	74	24987	65	101	196	9156	114	17
NA	NA	14153	NA	39587	226	1882934	29187	136	28485	91	93	226	9680	163	11
NA	NA	17331	NA	36598	218	1888205	26027	76	27094	84	91	173	9833	124	25
NA	NA	19607	NA	35747	245	1894028	24669	50	25564	93	84	156	9173	113	8
NA	NA	16982	NA	38617	285	1884473	25936	109	29952	96	116	226	10213	125	28
NA	NA	22269	NA	35834	262	1901681	23454	62	21130	68	69	125	7787	71	5
NA	NA	17965	NA	36913	230	1889375	25937	105	26028	80	71	167	9360	119	20
NA	NA	19901	NA	35037	236	1894863	24062	57	24937	73	69	147	9412	106	16
NA	NA	20473	NA	33412	253	1893179	24442	95	27256	87	53	156	8450	105	11
NA	NA	22110	NA	34997	290	1896196	22832	70	25901	104	82	138	8516	98	10
NA	NA	17474	NA	36013	220	1888420	25689	108	27331	90	79	179	10039	137	16
NA	NA	17084	NA	37077	279	1887880	26512	100	28620	81	79	211	9564	138	17
NA	NA	19685	NA	35316	263	1891660	23722	79	27017	99	70	181	9662	111	15
NA	NA	16410	NA	38952	228	1894056	28286	93	23344	64	91	185	8637	104	17
NA	NA	19396	NA	40106	302	1891602	25586	96	26512	95	85	190	8149	115	5
NA	NA	18693	NA	34778	314	1887879	24481	90	28404	110	70	141	9788	138	13
NA	NA	16348	NA	33921	250	1879804	25242	106	33546	117	58	198	11345	210	16
NA	NA	18598	NA	35191	220	1895608	26013	98	24512	89	62	133	8559	110	8
NA	NA	19476	NA	37440	267	1891634	24413	73	26948	106	81	170	9321	119	14
NA	NA	17993	NA	37965	228	1893489	27149	91	23906	46	102	179	8107	112	8
NA	NA	17638	NA	36361	197	1892342	26887	102	24182	78	71	138	8792	113	11
NA	NA	18387	NA	35543	236	1891148	25987	88	26369	97	76	157	9100	136	8
NA	NA	16548	NA	37971	289	1883517	26057	112	32639	119	88	225	10183	168	23
NA	NA	19959	NA	37936	241	1901964	26242	68	19266	49	76	129	7257	72	5
NA	NA	17612	NA	36003	185	1894922	27551	101	22525	52	70	154	8122	109	9
NA	NA	19350	NA	34590	248	1892300	25036	84	26026	101	58	174	9143	113	19
NA	NA	17273	NA	35545	234	1882669	25141	92	30398	108	67	222	10733	163	27
NA	NA	17353	NA	37192	209	1887558	25524	82	26492	90	75	182	10426	140	21
NA	NA	16086	NA	39673	264	1881598	27044	113	30752	96	76	242	9936	169	22
NA	NA	18483	NA	34611	239	1885375	23428	61	29845	114	79	188	11358	151	22
NA	NA	19609	NA	38494	263	1897529	26099	71	22922	76	97	153	7743	95	7
NA	NA	18888	NA	36376	256	1892725	25650	86	26962	95	74	192	8863	120	11
NA	NA	18991	NA	36778	182	1899496	26906	77	21390	68	78	130	7540	93	8
NA	NA	18920	NA	32167	251	1881610	22768	81	33261	144	60	170	11418	181	29
NA	NA	18086	NA	37900	247	1894628	27285	93	23949	68	93	174	7624	95	4
NA	NA	17037	NA	34480	251	1888836	25967	95	28449	97	62	169	10231	150	17
NA	NA	17782	NA	36281	218	1893131	27040	77	25687	82	78	180	8356	111	16
NA	NA	19439	NA	37082	236	1894544	24996	66	22988	87	93	145	8839	97	9
NA	NA	18702	NA	35078	245	1892808	25814	82	25359	80	64	178	8884	109	11
NA	NA	21335	NA	32436	201	1898100	24453	70	23458	76	49	144	7688	78	4
NA	NA	18896	NA	36727	253	1889655	24070	71	28261	108	87	184	10256	130	21
NA	NA	19200	NA	37053	271	1894368	25928	88	25061	74	88	160	8239	122	4
NA	NA	17999	NA	34086	297	1884081	24292	83	31661	135	71	193	10795	156	20
NA	NA	18242	NA	35557	230	1890591	25880	104	26086	91	67	167	8844	121	7
NA	NA	19661	NA	34258	276	1889442	23959	77	28209	106	62	160	9323	129	6
NA	NA	17792	NA	36457	250	1887366	25810	86	27175	87	76	197	9517	130	11
NA	NA	18457	NA	34256	258	1891211	25215	66	27208	105	62	165	9511	119	18
NA	NA	20446	NA	31794	304	1891052	23408	88	29452	123	57	140	9371	135	14
NA	NA	17769	NA	39978	234	1894081	26631	80	23048	53	110	180	8740	97	13
NA	NA	21040	NA	32858	312	1891150	22081	81	28909	131	65	142	10060	107	22
NA	NA	19895	NA	34492	192	1893802	25032	70	23819	66	64	163	8200	101	9
NA	NA	17743	NA	37269	277	1886378	25190	97	29108	98	76	215	10098	165	9
NA	NA	18142	NA	33961	255	1883239	22989	77	32362	132	67	202	11759	161	32
NA	NA	18649	NA	40866	172	1902373	28037	62	18446	36	98	155	6842	70	6
NA	NA	20131	NA	33292	255	1889696	23296	80	28032	98	46	149	9856	123	17
NA	NA	19375	NA	37715	202	1899406	26643	79	21079	66	75	137	7409	86	8
NA	NA	21317	NA	37921	304	1898600	24724	67	22642	63	78	146	7355	82	7
NA	NA	20259	NA	32771	238	1892152	24785	98	26845	101	61	138	8277	103	10
NA	NA	18559	NA	36038	279	1889782	24954	88	27964	102	65	163	9755	143	10
NA	NA	17210	NA	36004	289	1886008	25854	115	30369	106	60	195	10037	156	19
NA	NA	17459	NA	37002	213	1892353	27189	70	23900	62	78	167	8642	108	14
NA	NA	17201	NA	38263	187	1896623	29486	95	21523	42	93	184	6969	102	6
NA	NA	17061	NA	40338	245	1895212	28935	105	23226	56	117	183	7336	93	10
NA	NA	18488	NA	35141	254	1890900	26509	98	26360	86	62	157	8068	116	8
NA	NA	18203	NA	36467	209	1892637	27113	84	23851	82	79	168	8020	93	7
NA	NA	17391	NA	38859	232	1891410	27493	99	24355	72	97	176	8341	116	9
NA	NA	18937	NA	38063	297	1889963	25305	109	28997	92	88	200	8853	123	23
NA	NA	19714	NA	34713	243	1891048	23877	72	26995	87	68	162	9624	123	22
NA	NA	20648	NA	34668	262	1894810	23830	81	25371	73	60	123	8738	108	13
NA	NA	18199	NA	34977	228	1894422	26678	111	24227	77	68	155	8463	103	11
NA	NA	19649	NA	37634	265	1898787	25831	63	22190	55	75	144	7934	98	11
NA	NA	17526	NA	41577	207	1897130	29242	73	20327	44	107	181	6819	84	6
NA	NA	19889	NA	34809	164	1896653	25364	70	22759	66	60	148	8362	84	10
NA	NA	17680	NA	35386	240	1886941	26061	93	27816	101	76	178	9770	126	18
NA	NA	15810	NA	38043	280	1884142	27155	124	30742	96	82	214	10034	169	20
NA	NA	18558	NA	39984	233	1895572	27383	94	23078	68	94	185	7467	86	5
NA	NA	19165	NA	36514	270	1894226	25390	91	25266	93	81	147	8586	119	14
NA	NA	19008	NA	37371	283	1894451	26423	120	24521	78	91	168	7973	124	4
NA	NA	19564	NA	33767	291	1889030	24016	89	28945	106	59	162	9369	133	24
NA	NA	17057	NA	42143	234	1895841	28490	94	22532	53	113	186	7700	92	9
NA	NA	19642	NA	36214	233	1896885	25897	93	22107	54	79	157	7916	82	10
NA	NA	17707	NA	38118	303	1883703	23838	98	31958	129	93	208	11130	182	29
NA	NA	18995	NA	37497	249	1891228	24808	73	25996	81	87	153	9336	124	16
NA	NA	19700	NA	36851	264	1892922	24795	93	25731	99	82	213	8729	98	11
NA	NA	18674	NA	34646	258	1893513	25397	103	26181	95	78	159	9131	100	13
NA	NA	18808	NA	33971	280	1885270	23447	84	32283	140	73	193	10591	165	17
NA	NA	18467	NA	38213	232	1895800	27078	89	23013	60	109	165	7719	87	9
NA	NA	17337	NA	38716	213	1890632	26702	80	25317	78	106	170	9220	131	17
NA	NA	21933	NA	36150	293	1896431	22944	66	25499	114	68	163	8379	101	3
NA	NA	19043	NA	33138	238	1892923	25022	82	25136	87	62	133	9255	113	14
NA	NA	16181	NA	37314	230	1884971	27194	105	27923	91	89	189	9660	146	19
NA	NA	16457	NA	37350	197	1891039	27472	66	25811	75	86	186	9521	141	8
NA	NA	19787	NA	35896	237	1893155	24098	73	25963	103	79	169	9377	105	16
NA	NA	20824	NA	36766	217	1900442	25446	72	21086	70	80	133	7175	69	5
NA	NA	19909	NA	35187	220	1892950	24071	65	23800	79	71	132	9433	96	20
NA	NA	17695	NA	36251	243	1885760	24319	74	29090	113	84	177	11079	169	14
NA	NA	17235	NA	36734	239	1889155	26209	96	28061	93	69	176	9599	153	16
NA	NA	18470	NA	40961	302	1890800	25602	85	27104	102	106	190	9233	111	11
NA	NA	17846	NA	34274	281	1887199	25358	118	29583	108	68	172	9943	152	18
NA	NA	17953	NA	35933	191	1891708	26166	80	25337	94	69	179	9206	101	13
NA	NA	19255	NA	36302	201	1897830	25943	73	22164	66	100	137	8090	94	9
NA	NA	18040	NA	38167	201	1894800	26870	78	24662	69	84	184	8309	106	11
NA	NA	16519	NA	34107	255	1882937	25762	115	30141	102	64	178	10867	153	20
NA	NA	17645	NA	34408	245	1886900	25870	95	28549	93	69	165	9514	154	15
NA	NA	17984	NA	38971	271	1892227	27149	91	24833	78	76	198	8156	92	12
NA	NA	18678	NA	35459	268	1889187	24986	101	28010	95	77	158	9715	134	17
NA	NA	16012	NA	38869	277	1881935	26699	122	31313	120	95	211	10333	165	14
NA	NA	16821	NA	41279	285	1885633	25999	91	29826	107	122	221	10229	166	19
NA	NA	18056	NA	40265	212	1902846	28956	81	18061	42	104	147	6347	59	5
NA	NA	17091	NA	38866	229	1893716	28084	106	23643	69	103	173	7992	111	8
NA	NA	19191	NA	36633	294	1891162	25222	97	27961	95	85	184	8951	118	12
NA	NA	17656	NA	35981	261	1888614	26731	88	28342	103	87	201	8852	144	10
NA	NA	18165	NA	36855	217	1895049	26820	76	24555	77	77	165	8285	125	6
NA	NA	17039	NA	38498	288	1887619	27167	92	28526	80	87	189	9114	140	14
NA	NA	16841	NA	36297	234	1889925	27797	100	26829	77	70	182	8378	111	10
NA	NA	18076	NA	35441	265	1888590	25892	92	29444	114	73	171	9240	142	22
NA	NA	17631	NA	35087	232	1888038	25066	96	28027	96	78	192	10386	137	17
NA	NA	18514	NA	33542	164	1892924	25552	59	25050	80	72	153	9185	113	23
NA	NA	18559	NA	38807	202	1896599	26925	70	22562	62	89	164	8073	106	10
NA	NA	16679	NA	37500	263	1886006	26099	96	28130	83	89	204	10239	128	23
NA	NA	19123	NA	37609	204	1898218	27209	86	22242	68	93	166	7013	73	7
NA	NA	20251	NA	35523	308	1890715	23852	101	29047	109	60	160	8932	133	6
NA	NA	17583	NA	34717	243	1891782	26561	95	25395	74	59	167	9276	112	19
NA	NA	17412	NA	35980	288	1885952	25804	93	28817	85	74	185	9904	142	16
NA	NA	16901	NA	36800	254	1885618	26692	94	29446	114	97	186	9376	152	25
NA	NA	20697	NA	36201	262	1898575	25461	85	22653	73	85	139	7489	85	4
NA	NA	19828	NA	33949	289	1890641	24076	82	27670	101	59	143	9309	130	10
NA	NA	18012	NA	34392	266	1887163	25509	99	28684	103	74	174	9648	123	16
NA	NA	17661	NA	37323	261	1884951	25061	97	29393	91	81	192	10493	157	20
NA	NA	18473	NA	40902	248	1895045	26578	84	23637	67	116	187	8108	102	8
NA	NA	17303	NA	36417	251	1888778	26528	95	27633	104	89	200	9557	133	14
NA	NA	20150	NA	33344	201	1894635	25033	83	24438	81	67	143	8257	94	14
NA	NA	17969	NA	36447	266	1889076	25506	85	27050	93	71	174	9610	129	19
NA	NA	19368	NA	35573	257	1894697	25296	75	24567	76	77	154	8611	110	15
NA	NA	19752	NA	35470	248	1896497	25181	85	25163	100	69	171	8178	88	6
NA	NA	18897	NA	40510	234	1894547	26442	88	23548	61	104	172	7904	107	9
NA	NA	19414	NA	35294	260	1890142	23660	75	28312	127	69	168	10013	134	14
NA	NA	17971	NA	39531	254	1893175	27167	100	24031	74	95	188	8155	88	14
NA	NA	21489	NA	34912	261	1898144	23846	67	23145	79	72	130	7898	78	3
NA	NA	18918	NA	37677	264	1897121	26721	97	22319	59	75	151	7914	86	6
NA	NA	19090	NA	38211	235	1893693	26272	99	25878	78	82	191	8034	116	9
NA	NA	17066	NA	39681	202	1897572	28678	82	20777	53	111	180	7683	97	5
NA	NA	20658	NA	35493	254	1898108	25291	65	23985	73	65	152	7551	104	8
NA	NA	20059	NA	36479	273	1892669	24053	86	25603	89	80	161	9122	89	14
NA	NA	18296	NA	41068	238	1892722	25593	81	25371	82	98	210	9581	118	16
NA	NA	19199	NA	36388	246	1895203	26227	79	24335	72	76	170	8205	105	10
NA	NA	18497	NA	40526	271	1891865	26217	68	25580	66	100	184	8661	105	12
NA	NA	19398	NA	34622	235	1893420	25172	70	25171	76	64	139	8837	128	12
NA	NA	15541	NA	37718	192	1890292	29672	116	25614	78	80	178	8058	118	10
NA	NA	18783	NA	35292	264	1888387	24895	110	28390	113	76	157	9423	124	16
NA	NA	17038	NA	40665	198	1891689	27458	82	24587	68	103	192	8756	113	8
NA	NA	18320	NA	37924	212	1894066	27156	90	22388	55	87	167	7952	95	11
NA	NA	17892	NA	35140	227	1892912	26412	75	25713	72	68	182	8988	112	12
NA	NA	18428	NA	36940	273	1890672	25784	96	26678	90	101	165	8829	116	13
NA	NA	18637	NA	34808	258	1887739	24680	88	29884	124	56	181	9643	136	14
NA	NA	17741	NA	39565	233	1893973	27517	110	23613	75	88	170	7948	108	7
NA	NA	17227	NA	39813	200	1894824	27781	86	21990	65	106	167	8382	86	11
NA	NA	19353	NA	35211	239	1899460	27263	96	21789	70	58	156	6865	62	9
NA	NA	15367	NA	34580	262	1878700	26136	127	33171	136	56	198	11502	191	22
NA	NA	16698	NA	36914	246	1887153	26804	100	27144	95	79	183	9565	141	13
NA	NA	17909	NA	38576	229	1895038	27692	71	23081	82	105	161	7920	101	8
NA	NA	17409	NA	35520	210	1891603	26703	73	25541	85	89	179	9275	130	12
NA	NA	17908	NA	36460	186	1893044	27050	72	24339	74	83	159	8401	113	8
NA	NA	18619	NA	40263	217	1896683	26911	71	21389	50	99	148	7792	99	11
NA	NA	16159	NA	38955	213	1888021	27367	109	27210	78	89	206	9502	138	19
NA	NA	18257	NA	39607	291	1892909	26769	91	25019	79	96	175	8136	99	9
NA	NA	16871	NA	37113	237	1890234	26136	75	26492	74	83	176	10069	138	20
NA	NA	18923	NA	33350	232	1886902	24095	76	28889	104	73	164	10367	126	22
NA	NA	19697	NA	35978	274	1893150	24661	86	26530	85	64	197	9017	111	11
NA	NA	19093	NA	37271	286	1893828	26950	103	26071	84	102	164	7326	105	8
NA	NA	18567	NA	40693	209	1898117	27193	66	20669	51	105	157	7664	94	5
NA	NA	17493	NA	36012	324	1879501	24806	118	34668	155	76	216	10507	186	18
NA	NA	19370	NA	33868	240	1894791	25873	88	25075	102	66	145	8234	95	9
NA	NA	16859	NA	39111	253	1887494	27130	111	28336	94	98	221	9187	138	22
NA	NA	19381	NA	35937	222	1895467	25547	80	23024	81	78	159	8389	73	11
NA	NA	19455	NA	35569	243	1898899	26328	80	21931	70	70	156	7536	81	4
NA	NA	18848	NA	34689	250	1892249	25377	88	26609	77	78	175	9074	127	15
NA	NA	18236	NA	39899	241	1896205	27336	85	22463	61	100	168	7750	76	11
NA	NA	19939	NA	36428	199	1903036	27471	64	18087	53	69	117	6149	55	2
NA	NA	20986	NA	35787	259	1898484	25091	88	22817	70	67	149	7379	63	5
NA	NA	17449	NA	38154	215	1893493	27809	90	23713	62	94	186	8011	101	10
NA	NA	20032	NA	33056	210	1893451	24513	80	24856	72	47	140	8867	114	11
NA	NA	17807	NA	36959	286	1885930	24881	92	30230	129	86	182	10249	149	16
NA	NA	17610	NA	37144	215	1892472	26784	85	23506	59	56	173	8919	113	12
NA	NA	18169	NA	39681	265	1895814	28162	91	23221	80	104	171	7014	90	3
NA	NA	18908	NA	38269	281	1890134	25772	83	27089	90	95	177	8645	124	10
NA	NA	17777	NA	33956	184	1891200	25536	79	25659	73	71	151	9882	128	18
NA	NA	18908	NA	33866	225	1888586	25113	96	27743	105	61	157	8798	133	9
NA	NA	17705	NA	37853	241	1891937	26949	101	25585	78	81	172	8669	116	7
NA	NA	19947	NA	39375	207	1899941	25539	69	21319	59	95	145	7887	78	7
NA	NA	19088	NA	33925	205	1890705	24273	73	26832	87	67	155	9965	123	22
NA	NA	17615	NA	36924	210	1892964	27539	87	24439	97	65	180	8038	110	8
NA	NA	20560	NA	36025	210	1899296	25432	70	20536	47	79	143	7375	78	5
NA	NA	17828	NA	38876	233	1891828	26568	79	25170	77	95	203	8849	117	9
NA	NA	20256	NA	32397	268	1890695	23520	93	27902	104	56	148	9609	130	17
NA	NA	19116	NA	36965	213	1895803	26024	74	22760	70	78	154	8257	87	9
NA	NA	20287	NA	36221	229	1896677	24447	52	23959	79	83	152	8622	94	13
NA	NA	21823	NA	37130	258	1899721	25228	64	21645	65	80	129	6607	71	2
NA	NA	19434	NA	33390	258	1891992	24428	63	27467	108	57	160	9395	130	16
NA	NA	19173	NA	35963	193	1898975	27186	81	21603	61	78	124	6948	93	9
NA	NA	20856	NA	34848	243	1898298	24652	54	22890	76	72	144	7834	88	10
NA	NA	16928	NA	37612	236	1893874	28331	109	23200	57	84	174	8176	108	14
NA	NA	20515	NA	33399	218	1897210	24449	68	24307	91	55	139	8686	103	9
NA	NA	18155	NA	35297	236	1892294	25706	79	26730	82	63	149	9235	137	12
NA	NA	18929	NA	36811	227	1893932	25811	80	23957	74	87	140	8473	95	12
NA	NA	18323	NA	34211	265	1889024	25356	92	29445	105	55	197	9518	142	15
NA	NA	17104	NA	37128	259	1887453	26313	91	28045	95	110	177	9864	152	9
NA	NA	17645	NA	35686	178	1894262	27558	81	23204	65	60	150	8239	101	9
NA	NA	17828	NA	35928	239	1888027	26485	105	27481	85	72	185	8794	137	20
NA	NA	20059	NA	36504	209	1897860	25661	58	22418	79	72	152	7747	78	3
NA	NA	17156	NA	40925	194	1896696	27910	69	22140	61	91	180	7842	94	8
NA	NA	19051	NA	34003	240	1897132	26532	99	22750	78	67	131	7831	91	10
NA	NA	16864	NA	41204	259	1889317	27100	94	26374	82	109	222	9480	137	11
NA	NA	18091	NA	37251	292	1889741	25489	88	27633	90	95	180	9321	137	15
NA	NA	19072	NA	36537	243	1889342	24240	92	27964	113	98	177	9869	127	14
NA	NA	18548	NA	34945	201	1892376	26069	88	25398	93	75	163	8786	98	19
NA	NA	18838	NA	37751	242	1894961	25838	66	24254	71	86	174	8620	102	11
NA	NA	16144	NA	38712	190	1891475	28792	106	24248	59	109	177	8381	118	13
NA	NA	17616	NA	38731	266	1891537	26883	91	26472	90	90	185	8788	117	11
NA	NA	17763	NA	36511	206	1896870	27097	93	22519	62	69	148	8658	111	13
NA	NA	15756	NA	37038	163	1890907	28859	90	25063	82	79	180	8828	139	13
NA	NA	18557	NA	37235	301	1890925	26154	89	27351	105	94	195	8274	127	10
NA	NA	16624	NA	37668	215	1887845	26062	71	26637	70	81	181	10498	144	25
NA	NA	20183	NA	30895	218	1890063	22838	81	27084	104	50	136	10115	114	25
NA	NA	19104	NA	36335	280	1890660	26186	86	27009	88	70	200	8171	121	8
NA	NA	17919	NA	34818	216	1886611	24862	82	27704	86	73	166	10348	137	18
NA	NA	18618	NA	38908	271	1893916	26853	80	23996	83	106	187	7913	98	8
NA	NA	18417	NA	40264	218	1896399	27545	83	22269	65	116	168	7489	83	9
NA	NA	16902	NA	38516	233	1887715	26587	97	27295	95	101	195	9578	139	14
NA	NA	18631	NA	33939	192	1894561	25839	65	22677	59	63	133	8951	96	18
NA	NA	19321	NA	36433	281	1893645	25682	102	26430	97	81	188	8393	111	10
NA	NA	20929	NA	32026	247	1894712	23953	63	25007	74	47	127	8483	116	5
NA	NA	17527	NA	34834	274	1887232	26723	119	28655	98	77	187	8968	142	14
NA	NA	19230	NA	34425	271	1891844	24645	85	27401	104	68	148	9214	134	9
NA	NA	19453	NA	33581	307	1888802	24236	96	29933	108	71	162	9435	133	15
NA	NA	18236	NA	38349	211	1893946	26711	90	24112	74	86	188	8484	112	12
NA	NA	17228	NA	36406	238	1887950	26430	80	28621	108	75	192	9452	133	19
NA	NA	20657	NA	34778	232	1893629	23885	70	24613	90	74	158	9005	101	9
NA	NA	21206	NA	36254	214	1902845	25740	67	20152	46	63	119	6738	78	2
NA	NA	19329	NA	38604	269	1892628	25669	85	25449	81	95	164	8123	110	17
NA	NA	19285	NA	38470	258	1896226	26803	96	23184	82	97	145	7385	78	11
NA	NA	17796	NA	38220	270	1891674	26757	104	26375	85	92	187	8593	122	7
NA	NA	18188	NA	39834	244	1896351	26544	73	22692	52	91	167	8705	120	5
NA	NA	18867	NA	34866	226	1894389	25776	75	24881	81	84	165	8565	94	14
NA	NA	17310	NA	35022	256	1880179	24060	88	32513	100	77	177	11569	208	32
NA	NA	17521	NA	38539	317	1885032	25270	103	29524	123	84	190	10065	151	17
NA	NA	17731	NA	38999	269	1889711	25949	78	26356	80	87	203	9602	124	16
NA	NA	19799	NA	34283	256	1886995	22677	72	30573	126	67	183	10544	148	23
NA	NA	17139	NA	38231	229	1892216	27192	90	25778	82	99	179	8974	112	11
NA	NA	19876	NA	37043	253	1894808	24635	79	25528	96	94	191	8892	94	10
NA	NA	18484	NA	38426	264	1896029	26986	100	25197	94	79	182	7595	86	9
NA	NA	19619	NA	38533	211	1898229	26410	73	21132	55	69	144	7771	82	8
NA	NA	19591	NA	38705	269	1898585	25981	79	23807	67	89	165	7559	97	11
NA	NA	19251	NA	35485	239	1894251	24908	71	24878	76	65	164	9125	104	11
NA	NA	17923	NA	37636	224	1891918	25864	76	25735	96	102	166	9366	117	12
NA	NA	19209	NA	35163	261	1891256	24190	75	25644	83	68	155	9807	117	17
NA	NA	16486	NA	39450	263	1889573	27756	111	27509	87	106	217	8835	127	5
NA	NA	19407	NA	32963	278	1883252	22225	92	33695	146	64	174	11420	181	23
NA	NA	17736	NA	38948	179	1899975	28109	61	19347	38	99	156	7754	92	8
NA	NA	19353	NA	34938	215	1896198	26144	87	24246	81	71	161	7985	96	7
NA	NA	18394	NA	38797	221	1898975	28405	102	21441	68	93	179	6479	67	3
NA	NA	16318	NA	39271	189	1889985	27384	96	24641	58	90	180	9609	126	13
NA	NA	20021	NA	36049	228	1900283	26714	72	21399	69	82	149	6852	70	5
NA	NA	20046	NA	36530	257	1889765	22654	56	27152	102	82	153	10463	130	19
NA	NA	17049	NA	40445	291	1890911	27637	116	27828	90	116	218	8484	125	13
NA	NA	17172	NA	40801	266	1891992	27480	94	25736	72	114	201	8247	109	12
NA	NA	18944	NA	39039	274	1892243	25086	68	25400	81	103	164	9179	122	12
NA	NA	20221	NA	36362	262	1895686	24757	72	24837	82	82	151	8604	110	7
NA	NA	18948	NA	35042	253	1891253	24730	92	26682	103	61	141	9722	123	18
NA	NA	18372	NA	39698	218	1901293	28346	87	18859	49	128	134	6765	64	3
NA	NA	17485	NA	33338	245	1882894	24601	107	31691	126	59	187	10884	173	21
NA	NA	18670	NA	34261	219	1892141	25676	92	25989	80	53	174	8750	122	8
NA	NA	21656	NA	33498	255	1894297	22662	49	25834	92	65	167	8940	107	15
NA	NA	18872	NA	39759	220	1895337	26760	78	23056	61	101	174	7637	98	8
NA	NA	19334	NA	37369	217	1896827	25455	75	22630	62	79	130	8550	101	12
NA	NA	17744	NA	35531	247	1885506	25343	99	30153	120	73	179	9987	150	20
NA	NA	19569	NA	40568	202	1902156	28330	87	19236	52	111	126	5824	68	2
NA	NA	19297	NA	34384	273	1893815	25470	82	26482	100	55	160	8433	108	8
NA	NA	16576	NA	40535	175	1895822	28109	78	22109	56	93	167	8742	111	11
NA	NA	18554	NA	35122	279	1881310	23161	97	32235	145	67	165	11261	173	18
NA	NA	20790	NA	34476	217	1896151	24308	55	23023	71	60	138	8183	85	7
NA	NA	20772	NA	34612	317	1889932	23277	89	28961	103	87	157	8844	118	18
NA	NA	20441	NA	38155	240	1898786	24789	62	23368	90	81	154	8126	84	9
NA	NA	18644	NA	37065	243	1894213	26758	75	24167	84	96	164	7848	111	4
NA	NA	20319	NA	35764	299	1892829	24370	86	27628	110	80	154	8507	111	13
NA	NA	18696	NA	38642	193	1895549	26148	62	21870	73	97	174	8859	85	11
NA	NA	19146	NA	34663	294	1889469	24968	91	28035	90	75	173	9059	129	15
NA	NA	19818	NA	33088	287	1890529	22986	69	28042	96	61	129	10384	135	21
NA	NA	15951	NA	39016	219	1888467	29081	118	27292	69	102	225	8129	144	12
NA	NA	19029	NA	39831	245	1897614	26857	79	22253	68	98	171	7563	89	4
NA	NA	18325	NA	32936	239	1880439	22783	74	32647	128	70	166	11872	175	33
NA	NA	18282	NA	37617	211	1893899	26026	84	24786	90	84	164	8966	110	13
NA	NA	19405	NA	37739	251	1894253	25237	65	24043	71	92	169	8562	107	18
NA	NA	20228	NA	31476	233	1892836	23931	84	26116	94	47	143	9252	96	12
NA	NA	16752	NA	37986	208	1892308	27842	110	23838	73	104	165	8771	106	11
NA	NA	18196	NA	37319	252	1894065	26970	94	24970	73	81	190	8018	92	11
NA	NA	19662	NA	36224	284	1892340	24365	82	25948	86	86	175	9052	118	11
NA	NA	20392	NA	34951	210	1894986	24462	71	25253	93	76	148	8498	99	8
NA	NA	18653	NA	37957	205	1893928	25335	70	24279	67	112	158	9297	122	13
NA	NA	17070	NA	36175	304	1881603	25907	100	31766	114	78	204	9951	157	16
NA	NA	18509	NA	37373	254	1891743	26020	88	25104	92	86	178	8844	98	13
NA	NA	17937	NA	36587	267	1890741	26443	104	25988	84	99	168	8863	110	11
NA	NA	18675	NA	36017	259	1892088	25338	85	26746	81	90	172	9157	118	10
NA	NA	18400	NA	31398	295	1882970	23021	78	32548	137	54	168	11544	168	26
NA	NA	17783	NA	35206	246	1892329	26636	104	24912	75	79	159	8692	96	15
NA	NA	20159	NA	35581	222	1894836	24496	71	25103	95	75	176	8730	127	9
NA	NA	19431	NA	39778	252	1899595	26976	78	18968	45	99	151	6952	70	5
NA	NA	19732	NA	31456	258	1890897	24277	95	28695	99	46	162	9212	132	17
NA	NA	19755	NA	33503	214	1899265	25630	63	21448	58	38	113	8069	83	11
NA	NA	16348	NA	37311	237	1891889	28940	133	25948	84	89	199	8059	98	15
NA	NA	19054	NA	37085	209	1900294	27251	62	19581	51	101	131	6926	62	4
NA	NA	19480	NA	36019	278	1893820	25157	82	26698	87	69	174	8570	114	8
NA	NA	18082	NA	35641	224	1893030	26646	83	25420	82	82	169	8487	121	10
NA	NA	18309	NA	36925	249	1894812	26916	95	23107	65	98	149	8258	99	6
NA	NA	18918	NA	39677	245	1893045	25461	78	25945	104	94	197	8979	119	6
NA	NA	18246	NA	37605	229	1890961	25472	89	25879	79	103	166	9449	122	17
NA	NA	19189	NA	34074	296	1888667	24064	92	30070	117	65	174	9863	132	19
NA	NA	17862	NA	37445	243	1891294	27628	103	25879	85	78	190	7772	105	8
NA	NA	21983	NA	35085	215	1901004	23785	40	20779	67	68	124	8036	76	9
NA	NA	17701	NA	38578	258	1892095	26368	93	25988	87	111	206	8985	116	15
NA	NA	17399	NA	37241	233	1890655	26768	96	25785	76	89	175	8966	108	16
NA	NA	19557	NA	38438	298	1895086	25840	71	24506	80	102	173	8162	103	4
NA	NA	17767	NA	35826	196	1890745	26055	73	26473	79	73	168	9266	146	12
NA	NA	20375	NA	32787	233	1895548	25046	79	24620	94	61	133	7897	91	9
NA	NA	19312	NA	34462	258	1889840	23981	80	27579	102	64	153	9835	113	17
NA	NA	19377	NA	36197	314	1886539	22794	84	30590	112	64	184	10768	165	23
NA	NA	18658	NA	37151	267	1888273	24872	103	29396	123	84	184	9769	138	12
NA	NA	19366	NA	36259	226	1898804	26808	76	20510	45	80	133	7264	81	4
NA	NA	17274	NA	39086	232	1891291	27092	94	25393	71	74	190	8862	104	16
NA	NA	19529	NA	33004	286	1889659	23283	73	28981	121	52	160	10347	124	20
NA	NA	18975	NA	35304	223	1893927	25754	93	25420	86	75	163	8622	109	9
NA	NA	16963	NA	36590	200	1885471	25935	80	27781	98	78	178	10359	145	21
NA	NA	19383	NA	42139	292	1898906	26741	93	22718	57	110	159	7088	104	6
NA	NA	19395	NA	34151	280	1890680	24467	89	28221	114	72	167	9191	120	15
NA	NA	18700	NA	36259	242	1891295	25814	89	26330	95	77	161	8800	107	14
NA	NA	18708	NA	36118	221	1892380	25906	74	24988	82	82	152	8837	106	14
NA	NA	20739	NA	34973	224	1899430	25404	69	21197	67	75	132	7261	77	8
NA	NA	17482	NA	37054	198	1892310	26903	84	24307	61	93	177	9025	110	11
NA	NA	19085	NA	36728	282	1892070	24655	98	25138	75	80	143	9386	94	20
NA	NA	18340	NA	36279	239	1888480	25006	73	27286	86	75	191	10186	131	24
NA	NA	18386	NA	35033	173	1895420	26762	70	22165	67	90	132	8304	107	9
NA	NA	20805	NA	36397	225	1900341	24718	51	21743	57	96	126	8099	94	5
NA	NA	17918	NA	34271	238	1886960	24472	75	28884	114	57	168	10560	147	19
NA	NA	19661	NA	36263	193	1897671	25771	67	21255	63	75	145	8399	83	8
NA	NA	17190	NA	32505	266	1883287	25032	110	30896	114	56	178	10751	160	21
NA	NA	18445	NA	38278	311	1890228	25556	114	28016	105	67	166	9092	123	16
NA	NA	18582	NA	38113	184	1896943	27156	66	20112	45	109	156	7655	64	14
NA	NA	21310	NA	38624	304	1899092	24375	57	22987	88	97	147	7850	75	7
NA	NA	20677	NA	35640	224	1898651	25213	74	22325	78	84	144	7586	77	6
NA	NA	17048	NA	37320	223	1886371	25921	79	27912	94	87	189	10142	157	8
NA	NA	18576	NA	36374	310	1885189	24564	90	30375	102	72	181	10106	168	16
NA	NA	18507	NA	36083	290	1891059	26172	120	27766	102	84	153	8314	131	10
NA	NA	18224	NA	38251	262	1892842	26004	88	24522	73	92	174	9043	112	18
NA	NA	17218	NA	36894	253	1891507	27681	92	26035	93	89	189	8149	107	9
NA	NA	17851	NA	34685	237	1882958	23705	98	30925	118	79	188	11672	181	25
NA	NA	20214	NA	32970	224	1896264	24659	52	23709	72	54	118	8677	105	10
NA	NA	17541	NA	36334	206	1896184	27641	86	23249	60	74	170	8037	115	3
NA	NA	18856	NA	33328	255	1890473	25388	90	27375	95	62	143	8985	123	12
NA	NA	18598	NA	34500	305	1883091	22867	82	33001	165	66	165	11271	169	27
NA	NA	15509	NA	40604	209	1892853	30195	105	22380	57	110	182	7691	91	8
NA	NA	19834	NA	38502	241	1901186	26622	76	19259	52	104	140	7146	70	1
NA	NA	17035	NA	36971	230	1891224	27409	85	25770	64	73	189	8781	134	7
NA	NA	16610	NA	39035	219	1887376	26438	94	27472	84	105	209	10193	153	17
NA	NA	18235	NA	33425	256	1885557	25215	102	30345	109	50	188	9651	129	21
NA	NA	17486	NA	36329	263	1889540	26454	89	27603	89	75	173	9333	134	11
NA	NA	16971	NA	38618	259	1891757	27854	91	25389	76	84	199	8348	113	12
NA	NA	17443	NA	40355	258	1888580	26373	87	25682	77	114	196	9490	123	13
NA	NA	17073	NA	32682	255	1883952	25403	100	30559	111	64	165	10658	173	15
NA	NA	17998	NA	37235	257	1890342	25795	81	25236	90	91	163	9115	118	16
NA	NA	17377	NA	37426	225	1889823	27248	104	25435	77	90	185	8745	128	12
NA	NA	16449	NA	36817	202	1893816	28232	96	23794	66	72	185	8633	113	7
NA	NA	22658	NA	35358	224	1902681	23805	64	20633	71	76	105	6992	63	6
NA	NA	18088	NA	40488	210	1893326	26296	64	24392	77	99	192	8939	105	14
NA	NA	15265	NA	35316	247	1874271	23971	90	36800	160	86	219	13327	224	45
NA	NA	20382	NA	31920	310	1891559	23641	89	29449	113	38	164	8945	131	13
NA	NA	18667	NA	34581	255	1892194	25895	94	26757	94	56	185	8775	113	12
NA	NA	18520	NA	37085	235	1894017	26666	86	23854	63	94	147	8264	111	13
NA	NA	20176	NA	37470	230	1894672	24486	69	24628	86	98	170	8844	117	8
NA	NA	18564	NA	33417	249	1887266	24109	76	28991	99	74	179	10352	151	13
NA	NA	15857	NA	43335	188	1895133	30487	84	20701	45	123	192	7228	85	6
NA	NA	17564	NA	38560	227	1891937	27088	92	25039	87	97	198	8428	97	7
NA	NA	16427	NA	41085	350	1884889	26613	127	30259	114	116	251	9778	157	12
NA	NA	19369	NA	34006	231	1893247	24231	71	25792	87	73	153	9772	125	15
NA	NA	20389	NA	34788	207	1899793	25783	71	22222	68	61	127	6972	89	3
NA	NA	18999	NA	35817	211	1895930	27070	69	22438	87	76	153	7555	81	7
NA	NA	19365	NA	35357	218	1894342	26050	81	24027	78	60	144	8190	102	6
NA	NA	19695	NA	35736	200	1893586	25260	73	24310	84	75	150	8710	101	14
NA	NA	20539	NA	32535	231	1894538	24082	59	24737	92	64	142	8691	87	13
NA	NA	18987	NA	31957	291	1883396	22986	76	32747	138	55	157	11143	161	28
NA	NA	18336	NA	39021	189	1898620	28350	90	20005	51	88	154	6713	62	4
NA	NA	19199	NA	37970	259	1892173	24955	60	25641	87	79	157	9055	115	14
NA	NA	17855	NA	37175	243	1886540	23987	79	29904	124	78	157	11112	173	19
NA	NA	17875	NA	35290	214	1888038	25666	82	27188	87	67	205	9834	131	17
NA	NA	18131	NA	43198	229	1894617	25956	81	23231	60	115	181	9022	110	17
NA	NA	16275	NA	39257	227	1890155	27906	101	25552	70	94	192	9116	135	11
NA	NA	19663	NA	38514	206	1900331	26038	67	20512	56	91	143	7685	79	9
NA	NA	18380	NA	37470	213	1894067	26639	78	23025	63	88	160	8506	102	7
NA	NA	21514	NA	34639	236	1896784	22562	66	24530	106	65	143	9293	79	13
NA	NA	19636	NA	36737	244	1897592	26594	67	21686	69	84	158	7407	81	7
NA	NA	18951	NA	35501	246	1890909	25316	75	25980	94	67	164	9039	107	11
NA	NA	21676	NA	34423	263	1896253	22841	71	25237	116	74	144	8861	91	5
NA	NA	19064	NA	36206	236	1892913	24736	66	25271	89	69	156	9438	113	13
NA	NA	18569	NA	36651	224	1891065	25199	66	25921	88	82	172	9826	117	23
NA	NA	19687	NA	33277	240	1887525	22764	72	29380	112	75	147	10577	151	30
NA	NA	16888	NA	37261	289	1886739	26350	108	29074	110	74	205	9903	135	11
NA	NA	17289	NA	41397	196	1896494	27635	81	20782	47	106	173	8593	81	15
NA	NA	19062	NA	35097	326	1880566	21734	80	33758	155	74	178	12053	172	30
NA	NA	20647	NA	32831	216	1891775	23182	64	26978	110	53	140	9465	124	15
NA	NA	19138	NA	34006	238	1892642	25996	82	25692	88	65	159	8240	99	9
NA	NA	19527	NA	39426	192	1904029	27901	65	17860	30	86	132	6034	64	4
NA	NA	17879	NA	33690	285	1884449	25049	115	32177	124	66	208	9754	163	18
NA	NA	16967	NA	35782	232	1888673	26942	106	27891	95	73	177	9478	134	15
NA	NA	17105	NA	38745	252	1890220	27300	95	25186	81	83	169	8858	131	6
NA	NA	18425	NA	36581	208	1896173	26778	72	22546	57	83	149	8162	95	13
NA	NA	17721	NA	36045	301	1888850	25122	108	29129	95	81	179	10029	148	13
NA	NA	18380	NA	35076	300	1886246	24323	97	29123	103	77	178	10390	136	20
NA	NA	17420	NA	34738	195	1885525	23851	56	29370	107	69	167	11653	173	34
NA	NA	19375	NA	35676	178	1900284	26206	73	21340	47	65	130	7915	85	8
NA	NA	16431	NA	35268	281	1885594	27182	137	30044	93	68	183	9501	160	16
NA	NA	16998	NA	39142	238	1885344	25943	88	29161	105	79	189	10066	155	15
NA	NA	16038	NA	38272	236	1884992	27373	112	29132	99	89	219	9787	148	25
NA	NA	18448	NA	36338	270	1887549	25023	82	28277	106	95	179	9344	119	16
NA	NA	17648	NA	38780	291	1885228	24909	81	30754	124	89	199	10531	162	23
NA	NA	16842	NA	39494	259	1888063	27823	106	27687	82	103	217	8428	131	10
NA	NA	19383	NA	36462	247	1893857	25331	94	23727	70	77	152	8405	99	10
NA	NA	15726	NA	38370	205	1886711	27233	79	27479	84	93	199	10067	146	22
NA	NA	19525	NA	35220	245	1889773	23731	72	27876	103	77	142	10025	151	17
NA	NA	16896	NA	34475	249	1886914	26966	119	27538	84	72	208	9046	145	13
NA	NA	20845	NA	37363	243	1900719	25506	67	22388	57	99	151	7372	74	11
NA	NA	18013	NA	36931	294	1885964	24907	100	29395	98	76	199	10117	154	17
NA	NA	19270	NA	36707	304	1889586	25174	98	29118	124	80	167	8711	110	15
NA	NA	19549	NA	34411	253	1894489	25459	90	25724	104	80	152	8333	101	12
NA	NA	19899	NA	32977	280	1887770	23201	69	29451	120	40	172	9977	126	26
NA	NA	18719	NA	34437	290	1888755	24186	82	28708	108	66	162	10217	139	22
NA	NA	17933	NA	38181	242	1894454	27957	101	24146	93	78	147	7315	96	5
NA	NA	19859	NA	35475	209	1894497	25001	48	24638	75	78	157	8586	131	5
NA	NA	17140	NA	38892	209	1891520	27164	86	25741	73	100	180	8972	108	20
NA	NA	19505	NA	37073	292	1893296	25799	90	25619	86	77	160	8062	107	9
NA	NA	16576	NA	36095	280	1882887	25904	119	30966	124	81	205	10333	172	19
NA	NA	18444	NA	34825	247	1885096	23308	73	30439	124	67	167	11268	151	32
NA	NA	19606	NA	34372	270	1895445	26076	96	24856	83	74	152	7802	102	3
NA	NA	16213	NA	41016	299	1887182	27312	116	28492	91	132	244	9460	146	15
NA	NA	21302	NA	34564	234	1899873	24682	70	23083	78	59	125	7478	79	7
NA	NA	16780	NA	41632	210	1895016	28060	80	22227	60	128	188	8417	99	11
NA	NA	21637	NA	36531	221	1899840	24804	50	21756	70	68	127	7078	83	7
NA	NA	17472	NA	36088	227	1887803	25446	83	28495	100	82	209	10187	131	21
NA	NA	17072	NA	36637	224	1888734	27143	94	27337	93	88	212	9002	128	11
NA	NA	19744	NA	35964	174	1903173	27176	70	19459	45	79	111	6798	69	7
NA	NA	19566	NA	34035	207	1897324	25299	104	23796	75	61	129	8084	110	7
NA	NA	18311	NA	38405	258	1890495	25799	89	26182	82	95	182	8928	119	15
NA	NA	18412	NA	36190	183	1895763	27143	67	22341	66	79	153	8088	99	6
NA	NA	17952	NA	39109	292	1890430	25698	89	27003	91	110	192	9557	120	18
NA	NA	18149	NA	35047	264	1891356	26038	103	26677	103	66	158	8653	134	12
NA	NA	18174	NA	37561	253	1893057	26365	81	25442	94	82	178	8628	109	10
NA	NA	19107	NA	33227	226	1889274	23736	91	28145	105	58	158	10247	123	18
NA	NA	17881	NA	34924	231	1890863	25704	83	26563	72	67	194	9597	121	16
NA	NA	18038	NA	37178	269	1891480	26129	93	26017	78	92	168	8887	120	14
NA	NA	17545	NA	39348	216	1888618	25188	78	27343	95	100	203	10364	129	20
NA	NA	18830	NA	37720	225	1897393	26035	77	23133	65	83	148	8572	100	14
NA	NA	17187	NA	37797	276	1885508	25034	86	30997	126	75	199	10713	189	17
NA	NA	19300	NA	33846	247	1890127	24613	79	28494	110	45	162	9300	130	11
NA	NA	17798	NA	35570	209	1893241	27247	86	24335	83	67	178	8412	108	8
NA	NA	18335	NA	35063	174	1893984	25928	73	24654	89	77	154	9119	122	9
NA	NA	18002	NA	38646	216	1895203	26484	69	23069	66	101	170	8476	100	9
NA	NA	19023	NA	38704	261	1895778	27028	92	22376	52	104	145	7368	86	8
NA	NA	19121	NA	36148	230	1895329	26383	62	23439	93	64	163	7739	90	7
NA	NA	18132	NA	37585	200	1894405	26390	82	23525	65	65	164	8698	105	10
NA	NA	18994	NA	37266	243	1892249	25022	69	24473	71	68	166	9518	118	9
NA	NA	18975	NA	33931	222	1891045	25300	72	25855	66	46	153	9210	118	19
NA	NA	18718	NA	38274	237	1893732	26425	95	24641	66	81	173	8309	106	13
NA	NA	17733	NA	38604	190	1894097	27023	85	23074	71	86	182	8148	97	9
NA	NA	19706	NA	37209	230	1897618	25871	84	22945	71	89	135	7871	88	10
NA	NA	18501	NA	36013	271	1888767	24837	89	28250	101	82	162	9635	124	24
NA	NA	17282	NA	35412	179	1892596	27179	69	23398	65	69	165	8710	111	8
NA	NA	18259	NA	38490	262	1894419	26577	107	24908	72	112	177	8397	118	7
NA	NA	16660	NA	35677	220	1885043	26675	112	28792	88	64	181	9976	160	18
NA	NA	19779	NA	39332	276	1894856	25486	78	23564	93	107	159	7893	81	8
NA	NA	17964	NA	37504	258	1893936	26406	86	23676	72	96	146	8847	110	13
NA	NA	17513	NA	38715	201	1894272	27324	92	23488	66	92	164	8296	113	9
NA	NA	17476	NA	38014	302	1891723	28287	120	25617	78	87	152	7440	114	4
NA	NA	18782	NA	36305	268	1890244	25423	104	27430	97	84	195	8808	120	16
NA	NA	15221	NA	39032	230	1889090	29412	101	25427	61	80	207	8329	119	13
NA	NA	18304	NA	38530	228	1896074	27527	79	22351	62	95	167	7544	90	4
NA	NA	16703	NA	40352	245	1893870	29829	107	24088	74	98	214	6735	95	7
NA	NA	19797	NA	34548	224	1900055	27050	78	20473	61	57	131	6737	82	5
NA	NA	15918	NA	40327	204	1889580	28070	93	24099	54	117	203	9088	121	15
NA	NA	17340	NA	35871	235	1889434	26315	103	26935	74	80	173	9469	126	23
NA	NA	18285	NA	35651	236	1892066	26327	80	25606	80	86	174	8791	109	11
NA	NA	20252	NA	33891	209	1896493	24230	53	24406	73	75	128	9149	106	15
NA	NA	20410	NA	32931	269	1887556	22844	86	29383	114	57	175	9808	133	23
NA	NA	19027	NA	32450	246	1890041	24914	80	27033	86	62	159	9099	123	16
NA	NA	18751	NA	33791	247	1885177	22851	61	30536	119	69	168	11667	152	27
NA	NA	18884	NA	38095	251	1893620	25303	83	24715	73	101	143	9112	116	22
NA	NA	19910	NA	34764	290	1892682	24576	84	26731	94	61	145	8974	115	15
NA	NA	18846	NA	36836	250	1891094	25303	84	25524	83	92	166	9125	117	9
NA	NA	18375	NA	36130	258	1891268	25545	70	26932	89	79	183	9189	114	19
NA	NA	19714	NA	33781	220	1893079	24622	67	24859	96	57	142	9307	110	14
NA	NA	17694	NA	37153	180	1891751	26139	54	23351	72	83	151	9511	110	12
NA	NA	18690	NA	37147	240	1896016	26803	88	24246	73	82	169	7561	91	11
NA	NA	18688	NA	33601	255	1888276	24735	98	28406	120	68	144	9649	140	17
NA	NA	21507	NA	32179	251	1893659	22971	76	27469	111	50	147	8841	102	9
NA	NA	18500	NA	37033	222	1894661	26319	79	23904	65	92	161	8386	114	11
NA	NA	18377	NA	33628	249	1885297	23782	92	30434	123	63	179	10887	151	21
NA	NA	17336	NA	39356	221	1892541	27371	82	22843	59	98	169	8750	103	9
NA	NA	17793	NA	36649	229	1890987	25742	88	26182	74	78	169	9687	128	19
NA	NA	20645	NA	33343	202	1899060	24737	57	21391	66	65	134	8078	69	10
NA	NA	15756	NA	38953	195	1884952	26499	94	27533	80	98	199	10732	156	24
NA	NA	17190	NA	39062	262	1888838	27221	107	27649	92	86	202	8928	137	11
NA	NA	17252	NA	38789	268	1888948	26879	106	27635	86	77	162	9210	152	15
NA	NA	16572	NA	39420	219	1888642	26613	78	25796	67	97	193	9993	142	19
NA	NA	20670	NA	33948	196	1894403	23799	59	24367	87	67	129	8927	109	11
NA	NA	18070	NA	42743	173	1904506	30027	72	16362	37	127	148	5525	54	1
NA	NA	18669	NA	38205	289	1889769	25145	103	27899	86	82	194	9156	126	14
NA	NA	17626	NA	39093	201	1894209	28001	109	23957	62	97	174	7354	95	5
NA	NA	18306	NA	35422	216	1891800	25788	89	27373	91	76	190	8987	123	14
NA	NA	18739	NA	36203	209	1891928	25562	71	25569	98	73	174	9065	114	19
NA	NA	19054	NA	39692	260	1897455	27154	77	22144	56	97	170	7015	83	4
NA	NA	17856	NA	40143	274	1893778	27640	88	24861	77	105	184	7854	101	5
NA	NA	19009	NA	39435	207	1899062	26831	82	20674	63	92	157	7614	81	6
NA	NA	19180	NA	34173	268	1890154	24233	87	28065	111	53	187	9577	127	9
NA	NA	20151	NA	37078	252	1899701	25202	70	22121	70	82	131	8068	87	10
NA	NA	17784	NA	40750	218	1895988	28184	88	21595	49	118	178	7429	94	8
NA	NA	20360	NA	33961	218	1896247	24890	69	23716	81	63	141	8248	84	11
NA	NA	17824	NA	37962	238	1887331	24786	80	27425	108	105	200	10503	125	18
NA	NA	18817	NA	36784	205	1894863	26054	63	22944	51	73	151	8572	105	11
NA	NA	20284	NA	31763	280	1891776	24984	94	26396	102	44	148	8014	98	10
NA	NA	19003	NA	37525	278	1892252	25430	101	26706	95	80	191	8437	104	9
NA	NA	20692	NA	33996	224	1895959	24698	97	25338	85	72	138	8029	87	10
NA	NA	17380	NA	37481	285	1883106	24765	81	31474	119	79	200	10650	167	21
NA	NA	17623	NA	38289	299	1890388	27269	113	26200	67	83	195	8459	126	12
NA	NA	19434	NA	34478	203	1896862	25565	72	23464	62	63	147	8256	104	6
NA	NA	18487	NA	36215	254	1887792	25056	85	28811	103	70	176	9528	141	14
NA	NA	20131	NA	35816	256	1894101	25272	71	24827	98	65	168	8376	101	10
NA	NA	16819	NA	38882	249	1890683	28012	97	25570	83	106	181	8521	126	8
NA	NA	18965	NA	34888	193	1892698	24914	75	24785	87	62	145	9446	113	17
NA	NA	19484	NA	33606	292	1891698	25307	97	27792	98	69	151	8404	124	7
NA	NA	16476	NA	37440	246	1888842	27978	120	26670	90	90	187	8560	119	11
NA	NA	19466	NA	35012	256	1891856	24289	71	26324	85	75	160	9323	117	17
NA	NA	16475	NA	39854	289	1891813	28328	107	25696	81	98	205	8118	115	8
NA	NA	17653	NA	35246	270	1887821	25098	91	29462	113	68	184	10249	139	21
NA	NA	18417	NA	38115	248	1892765	27048	74	24444	67	93	202	8000	107	10
NA	NA	16845	NA	38782	215	1894767	28909	106	22460	59	101	176	7440	96	7
NA	NA	18467	NA	35124	271	1892226	26524	90	27611	90	64	201	8306	121	10
NA	NA	18296	NA	34513	204	1885262	23503	72	29070	112	62	180	11442	148	29
NA	NA	17207	NA	36840	230	1891208	27617	88	25084	67	78	195	8261	114	11
NA	NA	20283	NA	32027	248	1891635	23263	80	27366	100	59	137	9508	128	15
NA	NA	16595	NA	36476	254	1883941	26384	119	31690	123	94	210	9861	174	16
NA	NA	16609	NA	34277	231	1884421	25636	106	30283	102	60	169	10608	184	23
NA	NA	18476	NA	35576	288	1889863	25088	79	27479	95	66	173	9662	125	9
NA	NA	18503	NA	36356	225	1892928	26316	73	25394	69	87	166	8470	120	13
NA	NA	18128	NA	33999	264	1886071	24819	108	29956	117	66	166	10460	148	16
NA	NA	21024	NA	35579	248	1902665	25713	64	19120	51	66	95	6710	57	7
NA	NA	18757	NA	38631	211	1897178	26759	73	21931	68	102	161	7955	89	8
NA	NA	17620	NA	36848	232	1889349	26044	106	27352	102	82	170	9383	108	15
NA	NA	18127	NA	39294	261	1894040	26700	100	25012	72	117	189	8327	108	8
NA	NA	19688	NA	36617	273	1898189	26863	91	23039	70	72	160	6802	85	8
NA	NA	17766	NA	35264	325	1879966	23902	117	33783	147	67	216	11036	167	26
NA	NA	16280	NA	40006	216	1892979	28784	89	22814	64	111	185	8224	106	7
NA	NA	20720	NA	33486	237	1894567	24159	73	25407	95	69	141	8480	90	11
NA	NA	18943	NA	35109	293	1884716	22692	84	30291	110	82	172	11177	152	27
NA	NA	18435	NA	39715	234	1893267	26763	82	24953	92	89	198	8149	93	7
NA	NA	19323	NA	36479	256	1894142	24309	83	26131	88	81	171	9847	128	16
NA	NA	16384	NA	38323	255	1881402	25272	84	31435	103	84	225	11194	177	27
NA	NA	19708	NA	37096	240	1899225	26455	91	22918	63	79	163	7165	67	7
NA	NA	19323	NA	34207	237	1893413	25235	71	23961	70	63	131	8982	93	15
NA	NA	18846	NA	36579	270	1894139	25613	86	25432	80	97	176	8911	125	9
NA	NA	19195	NA	38590	270	1896014	26954	91	24850	78	83	178	7079	99	6
NA	NA	20302	NA	33981	219	1894052	24626	72	24635	73	62	139	8413	107	11
NA	NA	17142	NA	38070	281	1885318	25715	82	30596	120	94	205	10261	137	25
NA	NA	19658	NA	38205	278	1899442	27374	108	21462	63	101	132	6279	78	4
NA	NA	19415	NA	35711	302	1894768	25323	101	26009	82	77	165	8683	116	8
NA	NA	16885	NA	36200	264	1884062	25356	118	30645	114	72	177	10603	153	24
NA	NA	17905	NA	37918	233	1897462	28158	91	22678	66	100	169	7150	90	8
NA	NA	16995	NA	38878	234	1893723	28196	92	22865	62	86	172	8195	112	7
NA	NA	18554	NA	36264	259	1890557	25066	91	27313	87	64	191	9542	119	12
NA	NA	20316	NA	34616	228	1893470	24008	55	25474	102	66	127	9135	114	16
NA	NA	18090	NA	32652	253	1888354	25789	110	29009	116	50	163	9357	138	12
NA	NA	18885	NA	36345	255	1894918	26086	89	24465	71	74	111	8217	106	12
NA	NA	19424	NA	36298	289	1889526	24140	97	28176	96	67	189	9509	133	20
NA	NA	19499	NA	37178	279	1891355	24616	99	26365	74	92	188	9061	114	17
NA	NA	18541	NA	37431	258	1890344	25411	90	27675	113	97	186	9129	117	16
NA	NA	18025	NA	37482	262	1888579	24908	62	26781	94	78	170	10277	132	19
NA	NA	17132	NA	36518	227	1888356	26063	110	27701	96	70	194	9735	130	17
NA	NA	20750	NA	35073	265	1890479	23531	71	27128	99	56	138	9067	119	11
NA	NA	21970	NA	32968	214	1900806	23282	58	20854	73	68	101	8294	64	10
NA	NA	18355	NA	37726	260	1892917	26734	71	24751	92	78	194	8209	95	13
NA	NA	20118	NA	31942	268	1888302	22465	71	30115	114	51	172	10513	144	30
NA	NA	18685	NA	33633	259	1886436	24049	66	29635	106	45	166	10374	149	20
NA	NA	19247	NA	36804	219	1893375	25341	86	24992	84	89	154	8727	99	12
NA	NA	17277	NA	36913	223	1885608	25119	69	27665	102	66	198	10830	137	20
NA	NA	19188	NA	33586	234	1893418	25335	77	25170	83	55	135	8447	117	13
NA	NA	18820	NA	40133	256	1892941	26188	83	24688	74	97	169	8183	127	12
NA	NA	19229	NA	34608	242	1893070	24753	75	25009	89	63	137	9200	112	15
NA	NA	18799	NA	34334	276	1883961	23930	84	31827	134	64	194	10401	144	23
NA	NA	21760	NA	34763	230	1897710	23397	62	23323	89	77	130	8131	80	5
NA	NA	20558	NA	35912	244	1896120	24968	63	24379	89	72	157	7993	105	12
NA	NA	19009	NA	37807	157	1904234	28440	65	16523	34	93	136	6256	53	2
NA	NA	17669	NA	39159	256	1891105	27286	99	26169	87	94	185	8484	109	13
NA	NA	17885	NA	40967	229	1897989	28158	83	20814	44	110	161	7410	93	3
NA	NA	20590	NA	34797	230	1894670	24031	72	24506	75	52	167	8858	104	12
NA	NA	17186	NA	39226	314	1885098	26353	113	30901	113	93	206	9247	164	10
NA	NA	16963	NA	37346	203	1889552	26779	92	26177	83	84	211	9390	134	8
NA	NA	18943	NA	34155	271	1890019	24974	98	28312	112	81	169	9380	125	17
NA	NA	17014	NA	36965	242	1887622	26281	84	27761	99	84	181	9888	149	16
NA	NA	18001	NA	36399	281	1887314	25728	96	29115	104	81	185	9328	133	18
NA	NA	18198	NA	37918	217	1891498	26025	92	25616	105	88	170	9137	115	11
NA	NA	19523	NA	36202	215	1891815	24346	78	26912	108	71	157	9485	121	14
NA	NA	18632	NA	36365	268	1890890	26163	83	26715	89	78	171	8341	108	12
NA	NA	18118	NA	38272	270	1890083	26129	78	28017	96	85	179	8870	132	11
NA	NA	19310	NA	36577	316	1891865	25433	102	27360	90	85	180	8179	122	9
NA	NA	19481	NA	34740	265	1894410	25510	76	24993	83	60	159	8053	105	9
NA	NA	19238	NA	31759	237	1891196	24139	65	28149	113	47	158	9812	134	14
NA	NA	19576	NA	37407	187	1897014	26076	74	21743	56	81	150	7597	79	8
NA	NA	19276	NA	35145	208	1895566	25740	69	23942	58	72	150	8314	104	15
NA	NA	16245	NA	36796	221	1889445	27813	91	25568	84	67	171	9315	128	11
NA	NA	17403	NA	33919	234	1883952	24306	98	32347	135	56	193	11338	179	19
NA	NA	18812	NA	36073	255	1888559	24648	85	28281	106	90	176	9550	133	12
NA	NA	15765	NA	35120	255	1878483	25240	102	34333	135	78	212	11942	217	22
NA	NA	17644	NA	38879	312	1888443	25857	105	28976	96	106	210	9358	129	17
NA	NA	18154	NA	39463	274	1891402	26184	100	25547	85	98	179	8551	113	13
NA	NA	19812	NA	35735	275	1896894	26266	91	23829	74	77	152	7143	83	7
NA	NA	18899	NA	34506	292	1887570	25971	111	29522	122	68	214	8402	120	10
NA	NA	19100	NA	33642	217	1893619	25788	88	24328	87	67	132	8496	93	7
NA	NA	17354	NA	40307	203	1893541	27288	106	22834	57	97	182	8585	98	10
NA	NA	18481	NA	39353	234	1896818	26770	82	24143	65	106	188	8261	107	9
NA	NA	17896	NA	37489	252	1890936	26546	89	25990	82	84	193	8692	130	14
NA	NA	19447	NA	33885	212	1896413	26133	74	24104	64	60	143	7671	102	9
NA	NA	17367	NA	40816	249	1895988	29456	109	22249	55	124	194	6498	102	5
NA	NA	18732	NA	33749	222	1892591	25216	75	25067	75	71	140	9280	118	19
NA	NA	19191	NA	38769	266	1894418	26136	85	24130	61	76	153	8011	128	10
NA	NA	16747	NA	35441	259	1885354	25814	104	30207	101	70	198	10609	178	18
NA	NA	19807	NA	35447	292	1890145	23948	81	27313	95	65	166	9568	125	12
NA	NA	19292	NA	36415	275	1886908	23713	66	29128	128	79	184	9957	140	16
NA	NA	17290	NA	35641	251	1886632	25387	100	29455	112	72	191	10227	160	13
NA	NA	19508	NA	36146	224	1895951	25926	68	23630	74	77	161	8009	101	9
NA	NA	20071	NA	36339	255	1893458	24537	77	25196	86	73	163	8647	102	11
NA	NA	18793	NA	37305	219	1897474	27134	68	21625	59	91	172	7575	75	9
NA	NA	20049	NA	35564	321	1888002	24273	78	28666	119	68	191	8703	126	18
NA	NA	16843	NA	38988	218	1889909	27151	79	24984	77	105	193	9491	128	11
NA	NA	19271	NA	35096	235	1892396	25188	80	26835	79	61	169	8921	112	15
NA	NA	19038	NA	36271	203	1896013	25998	95	24555	80	95	160	8386	100	8
NA	NA	17673	NA	39061	232	1888140	25495	90	28352	105	99	185	10011	127	24
NA	NA	18106	NA	39855	230	1895219	26406	77	22996	67	92	168	8662	105	6
NA	NA	16622	NA	38307	239	1888522	27218	82	27265	88	109	211	9403	118	19
NA	NA	18345	NA	36952	208	1895734	27304	79	21740	62	66	170	7659	83	7
NA	NA	18475	NA	36323	207	1890489	25448	84	26401	99	68	173	9225	123	17
NA	NA	15925	NA	38447	224	1890859	28777	108	24925	59	88	201	8739	138	8
NA	NA	19894	NA	35426	226	1895967	24613	64	23908	85	90	132	8732	90	14
NA	NA	18177	NA	35889	216	1898605	28613	88	21709	51	74	161	6586	80	6
NA	NA	18770	NA	35287	251	1885522	23069	66	31109	155	72	168	11270	164	27
NA	NA	19329	NA	35117	224	1897033	26025	109	24146	78	72	145	7670	88	7
NA	NA	18749	NA	36852	279	1889150	24993	105	28370	109	97	181	9455	127	12
NA	NA	17361	NA	35053	323	1885280	26001	111	30443	114	60	175	9535	143	24
NA	NA	18021	NA	35619	207	1890159	25532	71	26798	99	84	162	9692	137	18
NA	NA	18084	NA	38862	298	1886024	25226	103	30500	95	98	201	9761	158	16
NA	NA	18091	NA	37111	262	1886676	23738	70	28619	104	92	178	11451	149	31
NA	NA	16616	NA	38128	263	1887054	27254	100	28256	99	106	195	9307	141	18
NA	NA	16747	NA	39310	270	1890890	27641	118	26236	80	109	188	8756	121	10
NA	NA	20048	NA	33911	254	1890380	23598	79	27502	117	62	161	9479	90	23
NA	NA	18052	NA	36477	233	1891367	26376	83	25724	91	68	182	8697	115	14
NA	NA	18914	NA	35426	284	1888010	24596	78	28998	102	71	190	9615	141	11
NA	NA	18382	NA	36189	284	1887075	24794	91	29067	116	81	178	9919	129	22
NA	NA	19412	NA	35153	202	1895107	26187	75	24395	79	77	165	8033	95	10
NA	NA	18095	NA	39087	294	1888031	25586	101	29551	112	117	220	9299	145	13
NA	NA	17188	NA	41353	231	1892410	26708	80	24912	86	114	195	9296	107	20
NA	NA	17213	NA	39965	233	1896519	29680	94	21203	52	122	169	6238	74	4
NA	NA	17774	NA	38266	273	1888943	26230	103	25960	85	99	185	8944	130	9
NA	NA	19241	NA	37627	269	1893968	26011	87	23925	80	88	157	8135	89	9
NA	NA	18047	NA	33342	226	1885407	24328	69	31466	138	57	184	10570	168	31
NA	NA	16812	NA	41615	272	1887866	26567	101	27133	86	112	217	9588	128	16
NA	NA	18773	NA	37877	188	1896531	26631	70	22214	68	93	160	8029	94	6
NA	NA	17708	NA	37831	239	1889689	26642	93	26624	86	88	177	8985	137	17
NA	NA	18256	NA	38189	215	1895190	26958	84	23622	74	76	146	8192	120	7
NA	NA	16504	NA	38659	253	1887849	26508	101	28769	76	92	209	10097	166	19
NA	NA	18416	NA	34320	263	1889699	25582	105	28818	97	67	158	9042	142	10
NA	NA	15925	NA	38194	272	1885366	27073	109	29777	97	83	218	9889	156	15
NA	NA	18542	NA	38743	280	1890685	25755	100	27393	99	88	172	9187	114	19
NA	NA	18743	NA	36746	170	1899246	27303	54	19834	51	72	143	7722	84	9
NA	NA	18550	NA	35301	233	1890346	25120	81	27274	108	73	158	9591	140	14
NA	NA	19142	NA	34142	254	1886106	23514	73	29926	129	75	175	10710	154	16
NA	NA	16814	NA	40429	257	1887838	26970	105	26603	76	98	184	9317	125	14
NA	NA	17990	NA	35762	252	1890781	25532	93	26334	89	72	167	9615	114	16
NA	NA	20511	NA	38237	232	1902568	26203	70	20518	61	91	168	6820	60	3
NA	NA	18167	NA	37972	255	1895197	26316	81	23971	67	100	164	8794	109	12
NA	NA	18094	NA	37521	253	1889749	24848	78	26775	83	92	187	10040	133	13
NA	NA	15423	NA	41430	243	1884714	27213	89	27849	86	101	214	10599	151	19
NA	NA	20835	NA	35557	237	1898358	25097	68	22353	84	86	125	7529	77	4
NA	NA	19751	NA	37039	217	1896420	25088	73	22870	66	70	148	8425	92	12
NA	NA	19157	NA	36165	249	1890966	24229	72	27920	110	81	195	9678	126	14
NA	NA	19925	NA	38883	305	1893178	24884	75	25429	82	101	175	8195	110	7
NA	NA	18849	NA	39884	222	1897835	27215	81	20970	61	102	183	7100	84	5
NA	NA	19295	NA	35423	261	1888137	23715	75	28486	99	74	186	10175	142	18
NA	NA	18021	NA	37491	184	1897113	27695	83	21855	45	91	157	7962	100	5
NA	NA	18907	NA	36706	337	1886736	24045	93	29445	92	77	202	9975	147	18
NA	NA	17793	NA	39444	202	1896196	27849	81	21797	53	94	176	7857	95	5
NA	NA	17495	NA	40022	293	1890412	27255	95	25336	89	119	185	8515	108	6
NA	NA	19444	NA	33866	231	1892662	25592	71	25494	72	55	162	8232	104	14
NA	NA	17093	NA	36605	246	1886631	26588	97	29240	98	86	191	9243	145	20
NA	NA	16761	NA	43042	244	1890950	27616	79	24580	79	146	208	9063	123	12
NA	NA	18150	NA	39230	194	1898904	28141	85	20774	62	111	153	7011	82	12
NA	NA	16368	NA	39655	264	1891270	28542	119	25386	75	101	184	8038	107	10
NA	NA	18739	NA	37541	267	1890190	25389	104	27383	99	83	177	9289	120	7
NA	NA	18461	NA	35168	239	1888715	25325	75	27569	115	77	168	9443	142	14
NA	NA	17854	NA	41766	263	1894844	27394	81	23041	65	122	185	8068	90	8
NA	NA	17456	NA	34722	206	1883797	24061	81	30387	127	57	171	11564	152	28
NA	NA	18328	NA	39036	245	1894900	26662	89	23742	85	104	172	8431	101	10
NA	NA	18533	NA	36440	241	1894656	26044	82	23250	65	93	142	8699	94	15
NA	NA	16998	NA	38087	245	1889258	27066	96	27328	83	92	216	9005	127	12
